ans =

   23    4    4
   13    5    5
   13    6    6

