# Created by Octave 4.0.0, Mon Apr 09 11:22:28 2018 MST <gesposito@rabbit>
# name: t2_amzn
# type: matrix
# rows: 755
# columns: 2
 0.7565806756685745 0.2392328
 -0.4319429627124002 0.2573519
 -0.3050608818084528 0.1894453
 0.4171990300122611 0.2583575
 -0.3119719225269696 0.1933229
 0.6124736115092972 0.2080418
 -1.847738023678225 0.3839664
 2.895258222163513 0.5016148
 -0.0332217423526093 0.4643524
 -0.5383889158225137 0.3474724
 -0.05637989800363149 0.7979984999999999
 1.389521640091121 1.7176904
 -1.194070202316048 0.5430948999999999
 -2.09801372830722 0.4140483
 0.6139425893380209 0.3621688
 -1.247922080962759 0.3647877
 -0.2241517625406985 0.3565824
 -0.414312617702446 0.2270448
 -0.3925741988885006 0.2856386
 -0.5528794817644648 0.2552474
 0.6436402216197143 0.2766132
 0.6825304701102722 0.2908838
 0.07861089916996876 0.2393737
 -0.01391853020321107 0.1947822
 -0.7232894553235065 0.1996328
 0.6589824193736138 0.1888477
 -0.4672897196261682 0.4240306
 -0.1784037558685425 0.2390229
 -0.7437569138795455 0.246524
 0.7750832144555375 0.2196159
 0.8481308411214942 0.4121401
 -0.9083536090835398 0.2020629
 -0.1712810886907465 0.2244185
 0.9287635980816534 0.2231088
 -0.7307253729259237 0.1912436
 0.4681319195749362 0.301606
 0.12081784386618 0.2253264
 0.2139186644034729 0.1669845
 0.5041436464088392 0.2727914
 -0.8333333333333344 0.2510761
 -0.6307312758925747 0.1907855
 -0.4980968939429549 0.2172525
 0.5958010213731887 0.2288663
 1.010645781550439 0.2172333
 0.1573018112840933 0.2922459
 -0.3084057971014456 0.2054385
 -0.9329841462844336 0.2050987
 0.7332311682187937 0.2297469
 -0.1283966756933447 0.2185869
 2.11247966534975 0.337836
 -1.212919638395488 0.4495087
 -0.1624713958810022 0.1823572
 2.387566289400591 0.3245049
 -0.928152459716397 0.2620827
 0.4633962608715569 0.2237458
 -0.8285041651575444 0.2624479
 -1.177065612212057 0.2753193
 -0.02533394748963926 0.2596873
 -0.4461135768749371 0.1987076
 0.1624713958810022 0.1343397
 0.1861084943593048 0.1903161
 0.2387073081160532 0.3454248
 -1.070565212386332 0.238313
 -0.1172683375488597 0.2271395
 0.6856001271311453 0.2400981
 1.623948783153756 0.3956802
 0.70297629347638 0.4736215
 -0.3995335176226725 0.2987399
 2.143931256713215 0.4095581
 1.111576303119113 0.4932176
 -0.9074852305256046 0.4752491
 0.02049600327936519 0.3181831
 0.4691454556678065 0.3114898
 -1.928161737786279 0.9374431
 -8.561460474274176 2.1909381
 0.6935101847465596 0.749096
 -1.860074626865677 0.5273091999999999
 -0.361636404731402 0.3752634
 1.726523263526962 0.3743065
 -0.5453634829063894 0.3025598
 -0.4502744441343516 0.3014236
 0.4172251694387136 0.293459
 -0.3322197475872242 0.288935
 -1.824587428147584 0.3820453
 -1.235921082470324 0.3969215
 -0.8552183455687546 0.2615926
 0.7275852191349297 0.26766
 0.4124105011933114 0.4014684
 0.4342302368356113 0.2895238
 0.6190250828206307 0.1994799
 0.7397090101451305 0.258168
 -0.003738038277508562 0.2071342
 -0.1536328549481114 0.232404
 -2.754576820829958 0.4374857
 -2.540602333648688 0.6636405
 -0.0452996246602484 1.0063882
 -4.332396561980759 0.5643973
 3.460600801619767 0.6323580999999999
 0.907126588931492 0.6064885
 0.0985507246376794 0.2733815
 -0.6873983424986577 0.2982995
 -0.5208959410185451 0.3824035
 1.080995466154554 0.3689628
 -1.900874635568508 0.3098941
 0.2712749924645881 0.2666341
 1.739762920442699 0.3777499
 -1.356870229007636 0.4338714
 1.376298165582846 0.2562832
 1.606310092693881 0.3218563
 -1.522363251737696 0.3127107
 -0.1681796464405151 0.2845635
 1.036438177707952 0.2248046
 2.256252609207178 0.412487
 1.054954921252476 0.6125617
 0.7458710708577416 0.3265264
 -0.2427229438031645 0.382424
 -0.4142671372840246 0.2228055
 0.6031476769390341 0.3481804
 -3.376522844978537 0.3910275
 -3.069112726433595 0.5383198
 -1.962450592885377 0.4443224
 1.276115859449191 0.3990425
 1.902152641878674 0.3741058
 3.810990467650432 0.4576555
 1.245833255740319 0.3352397
 -1.47021081576535 0.4502815
 0.02768600380222798 0.3788801
 -0.6614372752510793 0.4648953
 0.9953599760514773 0.3527237
 1.894584784058082 0.276108
 0.4832863471606902 0.2737089
 -1.180759603874196 0.3561089
 2.681880419899599 0.4914627
 0.9712172943902929 0.4218101
 0.4187399257130819 0.4326293
 -1.944055944055945 0.432792
 -1.436501321226528 0.3343551
 0.215034654345108 0.7250534
 -3.019362776842375 1.0671575
 1.047650672422391 0.425925
 0.3959907985540532 0.3721355
 0.7839294463498397 0.3911944
 1.432734337056809 0.3858609
 -0.01757160428747363 0.3840398
 0.1945370178431948 0.2792454
 -0.6703413657808249 0.3242365
 2.101121447687023 0.4831843
 1.321279554937406 0.4707393
 0.6671755725190847 0.4082524
 -0.4797692249297758 0.4040181
 1.022970903522197 0.3464933
 1.507727101394648 0.5373772
 -1.099554234769685 0.4246218
 -3.197854031978544 0.6213879999999999
 1.075017162828432 0.7403464
 -1.129639591178056 0.429199
 2.634143323382465 0.4315747
 -0.5594069083745662 0.4674078
 0.6776405721628903 0.3860188
 1.11541325390916 0.4367129
 -0.4435280505532989 0.453375
 0.05037037037037508 0.2697889
 -1.107520564042298 0.1966551
 -1.642254771415893 0.5474105
 0.7881261595547229 0.4739462
 -0.7327459618208531 0.4259104
 -1.941304603791365 0.5064736
 0.9969969969969951 0.4534796
 -0.7276877019296274 0.3732814
 2.14135991434561 0.3651908
 -1.948377581120949 0.5158172
 -0.4912934389038269 0.3455472
 -1.701395820217134 0.547442
 2.518114530580439 0.4329653
 -0.9608589086206617 0.4753415
 1.84007474832721 0.396447
 -1.375000000000003 0.3681645
 -0.6744933821879894 0.6841303999999999
 -0.5968586387434569 0.32509
 -0.5518647931256937 0.2667795
 -0.4201050262565573 0.2722922
 -0.08441998944751022 0.109297
 1.448404351223045 0.3783555
 2.358476651228651 0.5734996
 -0.4075792394744738 0.3519003
 -1.485249533582097 0.374956
 -2.940773133828027 0.9280761
 -2.020529944655729 0.5822603
 1.712218649517681 0.5329197
 -2.229012544226423 0.7074914999999999
 -2.03498692831553 0.5512914999999999
 0.8588035527690685 0.4891551
 -1.177129148340666 0.47241
 -6.292681355495435 0.7599967999999999
 2.197328737613098 0.7203037999999999
 -0.3599888158814587 0.7754464
 -0.4522691434611609 0.4782763
 1.31299170742079 0.7944703
 0.2510547787579659 0.4932633
 1.299407198546019 0.5101123
 -0.2441512399872968 0.4376653
 -0.3645703869417591 0.3743213
 -3.096396950115448 0.5029471999999999
 4.43480119006526 1.2615917
 2.625965942865132 1.4622317
 -0.5777047479027989 0.6313793
 -3.140350877192979 0.6281424999999999
 -4.052393857271897 1.0037222
 2.144761904761903 0.6176558
 -5.129610036275691 0.9639605999999999
 0.3350669106008583 0.9808766
 0.8493546160122178 0.7045885
 -0.2602895721490103 0.6746103
 2.575483030315365 0.7372685999999999
 -0.7088310162522038 0.5357246999999999
 0.3118503118503128 0.5080654
 1.013730756137234 0.4777467
 -2.991555645891471 0.4704237
 2.725125309673319 0.494112
 3.190704537071183 0.5541066
 -0.4698046980469625 0.4035929
 1.519010535959682 0.6207285
 -0.06660426267281187 0.4510534
 -0.8730272084553286 0.485823
 -0.2671480144404365 0.4013368
 4.089593557317227 0.5014413999999999
 -0.2647185217017556 0.4576922
 -0.08132050660945866 0.2736673
 -1.020531089197526 0.340507
 -1.872580813892668 0.4926936
 0.4284152221843774 0.4709432
 -0.01608406605188329 0.4373282
 -1.378056957334943 0.3914343
 0.4691771761178178 0.3755372
 1.123456790123458 0.3451873
 1.054290718038526 0.3876821
 -0.4110016648168709 0.347457
 -1.768186686800923 0.59182
 -1.579491567725606 0.7263345
 0.9236486855768796 0.5146137
 2.819614389756197 0.3990902
 1.538324420677361 0.3966131
 2.793108920667954 0.5141569
 -0.7751540041067716 0.3118032
 2.363181935706289 0.4167059
 0.3318194767977775 0.3887968
 -0.9411293552262693 0.2673617
 1.356500533455264 0.291235
 -0.9699499165275368 0.246671
 -0.7837229378607572 0.2277169
 2.478213507625282 0.283348
 -1.224196673124464 0.3153717
 0.04711266657692366 0.2589156
 -0.03522662461838434 0.2696498
 0.7971256684491949 0.2636315
 1.174960505529242 0.4209763
 0.9234721251239614 0.3474327
 0.6383457679444345 0.2880881
