# Created by Octave 4.0.0, Mon Apr 09 11:22:37 2018 MST <gesposito@rabbit>
# name: t2_blk
# type: matrix
# rows: 755
# columns: 2
 0.4135135135135061 0.392705
 -0.8241168259422295 0.348375
 -0.07027976753615107 0.421034
 1.030147357036637 0.581678
 0.6090068913937789 0.710803
 -1.674944520765078 0.9024599999999999
 -1.160431713056891 0.798844
 0.4646739130434727 0.416519
 -1.119242359018517 0.448573
 0.1137933837275504 0.451959
 0.9308005427408431 0.432672
 0.06707267995600033 0.355725
 -0.7207880616140283 0.35475
 2.074722424831836 0.395736
 -2.38272722432245 0.981737
 -0.6361427362328294 0.673283
 0.5756691130330434 0.412939
 0.1298034019308151 0.375569
 -0.6594659140251863 0.380754
 -0.8160703075957337 0.427776
 0.5997248968363155 0.431389
 0.7322716755138144 0.44613
 -0.4789608983899442 0.431878
 -0.1913247874928222 0.452347
 0.1783362598770789 0.435016
 1.074771441010026 0.419021
 -0.3091397849462305 0.415755
 0.1485843959368799 0.391916
 -0.164115257338108 0.406122
 -0.1025281277824233 0.44804
 -0.615384615384608 0.390534
 -0.0841499497814822 0.303676
 -0.5394948366529573 0.696031
 0.7239843728656215 0.352508
 0.6894108670772174 0.358134
 -0.9987279075432522 0.626999
 -0.4944274475524482 0.418389
 0.1653803748621736 0.430777
 0.153681495101403 0.464446
 -1.348147331274824 0.6399619999999999
 -0.7486033519553092 0.7405459999999999
 -0.8416327675690841 0.682955
 -0.3249689160167224 0.538956
 0.1746528071213286 0.7684639999999999
 0.0224259243685656 0.585815
 -0.7219101123595486 0.518012
 1.038022921821226 1.096919
 0.9721908207099249 0.351876
 -0.462447069311335 0.462743
 0.8044692737430155 0.445307
 -0.1917305768589524 0.658867
 -0.5237633365664524 0.430644
 0.1808066759387976 0.420769
 -1.236042442086548 0.5595749999999999
 -1.248699271592091 0.482272
 0.3993655469325398 0.6429469999999999
 -1.66676180147268 0.558738
 -0.5661733007615952 0.7767069999999999
 -0.7428571428571493 0.495371
 -0.8126812738707294 0.433897
 0.1314405888538347 0.6988099999999999
 -0.1369942870467444 0.8535699999999999
 -1.729411764705881 0.955602
 -1.219762498167431 0.7972779999999999
 -0.1412013884803254 1.156433
 0.4933298303996257 0.8006679999999999
 -0.0379163506970762 1.213969
 0.8968871028799348 1.107366
 1.324181324181323 0.80609
 0.407816482582837 0.7292
 -0.8062477175042854 0.441859
 -0.1759164680513008 0.481673
 -0.5681818181818182 0.7202499999999999
 -1.039762340036559 0.52661
 -1.27522988838123 0.6304999999999999
 -0.960235640648009 0.882296
 -0.6019830028328672 0.713194
 0.7769408694620566 0.6645329999999999
 -0.2825939772158546 0.622316
 -0.9629258812096888 0.507794
 -0.5851427213592025 0.5285879999999999
 -0.9268365370287628 0.676854
 0.2065868263473047 0.663558
 -0.715414195009996 0.583768
 -0.1384249646414431 0.369211
 0.4459742592038168 0.514413
 -0.9157784116499057 0.695581
 0.4390543444887955 0.790318
 -0.6159851187753428 0.474945
 0.6626173384870139 0.45005
 0.9440613026819875 0.387577
 0.2195121951219595 0.44263
 -1.357907906380638 0.7208789999999999
 -1.47602622665548 0.742472
 -1.896491172057086 1.193316
 2.666437886067275 1.58003
 -4.94225433898961 1.259512
 0.1950413223140413 1.35044
 2.590284800835173 0.944039
 -0.4318894363042952 0.783018
 -1.558940311137136 0.786206
 0.1940557654989253 1.541468
 0.4137235116044269 1.340662
 0.233676058218717 1.148024
 -0.4769152714358086 0.9852489999999999
 0.6007409137936827 0.9332699999999999
 -2.68240695195934 0.695758
 1.178643384822025 0.952905
 0.767441860465117 0.803557
 -0.7221764220939811 0.5672309999999999
 1.416337285902488 0.951187
 1.197546804389922 0.959356
 -0.1921660314511811 0.9584159999999999
 0.3671930850718124 1.568584
 0.7059961315280457 0.728314
 -1.111291632818852 0.811523
 -0.2729455095530876 0.454786
 -0.1627906976744216 0.7174999999999999
 -0.3814033011113199 0.645716
 -2.019192323070772 0.71175
 -0.5926778880346801 0.7940959999999999
 -1.172757475083047 0.755798
 -0.3871141481805558 0.814307
 4.247422680412376 0.8545889999999999
 2.42333191809008 0.936195
 0.00959385992965448 0.7232999999999999
 1.625938955976037 1.105048
 -0.1723489596390108 0.653577
 -0.1443952663464795 0.579337
 -0.950767203238248 0.613058
 0.7739047009913707 0.8889159999999999
 0.6869204109033146 1.124703
 0.3636924025273561 0.7372869999999999
 1.063082327783706 0.7415309999999999
 -0.4433108641525413 0.5842619999999999
 0.2082886635831623 0.443237
 -1.727505799047726 0.625737
 3.519061583577723 0.722
 0.744967038164791 0.959062
 -0.8502250595746059 0.6000679999999999
 -0.05063441949127775 0.388651
 2.878531325193832 0.950893
 1.2092108308262 0.926149
 0.2021294767408861 1.59982
 0.2573092800995216 0.8122419999999999
 1.494946063025575 0.8508859999999999
 -0.6880989525295216 0.749537
 0.3679878648276643 0.510675
 -0.9029031809973607 0.561442
 -1.668073136427569 1.278622
 0.8725953231194483 0.7137519999999999
 -0.4855058061951619 0.454838
 -0.2250952325983992 0.6284989999999999
 -0.587928637627425 0.589407
 2.642311950125268 0.672667
 0.2865979966516248 0.578083
 1.677568512461934 0.531439
 -0.3994119768119151 0.489754
 0.384966903924443 0.5304599999999999
 0.1102383905194921 0.423868
 -1.031814273430774 0.807801
 0.7290299153654964 0.415494
 -0.3503406089253416 0.263486
 1.269629134647511 0.7845369999999999
 -0.3333884388604121 0.7389789999999999
 -0.493484890490705 1.08115
 -1.971705469533247 0.890944
 1.935520330027398 0.684546
 -1.098992821768402 0.583
 -1.26202603282399 0.758722
 -0.9970118377198101 0.6639699999999999
 0.2904865649963689 0.659404
 -5.243071864725227 1.6361
 -0.9545060121482534 1.265234
 1.412525003846755 1.032479
 -0.030202355783758 1.142466
 -0.7931500675980301 1.127062
 -1.685118355862741 1.025183
 -0.02456776095568101 0.534462
 1.383435582822083 0.711685
 1.74650250142296 0.6783699999999999
 -0.8725798395863404 0.240267
 1.635305989196887 0.8660439999999999
 -0.3393566725643064 0.480298
 -0.09054796121042244 0.35725
 0.1706183444137154 0.500006
 0.01801585395147798 0.9574239999999999
 -0.06882312456986091 0.803203
 0.8799804448790187 1.138503
 -1.519026824703682 1.286052
 -3.079732963849361 1.500286
 -0.2426634742938493 1.258384
 0.3744958709429483 1.096797
 -3.362837473430401 1.196664
 1.552774683876043 1.373717
 -0.7960931228257947 1.970178
 -2.130492676431417 1.069446
 1.153566356046691 1.684825
 -0.9870555688377481 1.095899
 1.59545700378584 0.780613
 -3.445977471172424 1.008225
 2.325104287765853 1.066145
 1.043478260869567 1.147322
 -1.136776709295793 1.023803
 3.589675973234 0.9803489999999999
 0.1090058029559729 0.7550169999999999
 -1.507422666928263 1.060221
 0.7822340072920165 1.372164
 3.788254755996687 1.035413
 -1.371662981123601 1.054732
 -2.62144942925406 1.162088
 2.623693379790931 0.860784
 -0.243910588392535 0.7117249999999999
 1.637475386050351 1.261868
 2.205343460590314 0.9400219999999999
 0.7819760920424493 0.759058
 0.3261824112407541 0.887632
 -1.111041562343501 0.660851
 0.3896892068866475 0.8344499999999999
 -0.7495922719859448 0.817811
 -1.631746031746028 0.7560399999999999
 1.14617885644849 0.844951
 1.301721631835663 0.6086859999999999
 -0.8464939987365783 0.6781729999999999
 -0.204734484964825 0.873979
 2.315475624068263 0.8321339999999999
 2.071227741330833 1.051343
 -0.0989303159586945 0.8384189999999999
 0.1484780994803323 0.671978
 1.93747660052416 0.682086
 -0.8969996906897723 0.672527
 1.358402025253922 1.179106
 -1.449495102647292 0.688346
 2.924242424242417 0.9048839999999999
 0.1066793101404652 0.631153
 0.3001831116981358 0.627305
 0.2761518835359495 0.669372
 2.306794722197283 0.863097
 -0.4793585311292459 0.763138
 -0.2304752457916281 0.6846209999999999
 0.9045881899338646 0.488662
 -0.5132265822042348 0.464977
 -0.6508752637679598 0.6623819999999999
 0.2708333333333408 0.444555
 1.091482274565791 0.6349349999999999
 -0.6576841370078256 0.463281
 0.06757947934419058 0.511352
 1.559581344323536 0.717695
 -1.017543859649128 0.552972
 -0.3334127173136475 0.523888
 0.8373205741626829 0.46349
 -1.794419355803451 0.529756
