# Created by Octave 4.0.0, Mon Apr 09 11:23:14 2018 MST <gesposito@rabbit>
# name: t2_ge
# type: matrix
# rows: 755
# columns: 2
 0.02550817058589082 0.060149914
 0.05086619977884271 0.352701949
 -0.01532430506058445 0.153984855
 0.009097525473071324 0.05577719699999999
 -0.008306247742867477 0.056420065
 -0.001098498718418073 0.062363112
 -0.005474452554744474 0.08779453000000001
 -0.01098096632503663 0.061686961
 -0.01516833148353681 0.076872343
 0.007865168539325874 0.04705611999999999
 0.002613890963405537 0.038165835
 -0.002976190476190413 0.027713961
 -0.002967359050445172 0.03621768
 0.006307977736549229 0.038426611
 0.005194805194805216 0.037153977
 0.0007390983000738941 0.04298497699999999
 0.008121077888519707 0.028303317
 -0.003289473684210521 0.026201685
 -0.0121100917431192 0.030347339
 -0.007037037037037085 0.027761007
 0.009708737864077594 0.031038239
 0.004036697247706401 0.037221527
 -0.0121100917431192 0.032453388
 0.007829977628635378 0.02978984
 0.007031828275351639 0.037170407
 0.003294289897510976 0.026976059
 -0.004017531044558051 0.035768687
 0.003675119441381766 0.02248948
 0.002933626696003001 0.029150774
 0.01097293343087054 0.040173649
 0.001445086705202281 0.040311149
 -0.0003611412062116852 0.023289341
 0 0.047465199
 -0.001813565469713482 0.025326776
 0.004727272727272691 0.026418344
 -0.008363636363636379 0.04166101699999999
 0.0007336757153338068 0.03332242699999999
 0.004041146216017613 0.026325304
 0.003645643456070048 0.026306271
 -0.005835156819839538 0.03336047
 0.001100513573000645 0.030647728
 -0.002928257686676495 0.029812813
 0.001832844574779954 0.031113885
 0.009868421052631563 0.033175668
 -0.002176278563656102 0.031388401
 -0.001822157434402358 0.022170553
 0.0003676470588235869 0.028498668
 0.00184026499815963 0.027569524
 0.002942258183155509 0.03654832
 0.01089566020313949 0.037680661
 -0.001100110011001142 0.06026764699999999
 0.004395604395604432 0.027504658
 0.004741064916119584 0.032510907
 -0.01052631578947365 0.032456692
 -0.008797653958944354 0.023342077
 0.001849112426035529 0.025777443
 -0.009665427509293606 0.033372327
 -0.009321401938851602 0.035557794
 -0.0003749531308587012 0.030427429
 0.002996254681648009 0.026002262
 -0.008292499057670653 0.027858107
 0.003411675511751321 0.032647133
 -0.007665772326561874 0.032030673
 -0.005731753916698591 0.030411376
 -0.004547176960970102 0.025359841
 -0.0007550018875047027 0.024324597
 0.01176470588235289 0.022294572
 0.00601277715144683 0.027925145
 0.002223869532987351 0.030635414
 -0.0007336757153339371 0.041190955
 0.0007374631268436421 0.024686624
 -0.005923731951129216 0.029282285
 -0.009300595238095238 0.024133394
 -0.01203912716328054 0.0232012
 -0.02128468263017859 0.031124222
 0.01605324980422867 0.03627696
 0 0.027758314
 0.006515906477577682 0.023987875
 -0.004193671368661816 0.022118881
 -0.004956157072054861 0.023197506
 -0.009571209800918835 0.032580332
 0.0003862495171880266 0.021985187
 0.000383288616328155 0.025471417
 -0.004588910133843114 0.017298182
 -0.00616570327552987 0.025916189
 0.01312741312741312 0.023479164
 -0.01229350749135614 0.028235312
 0.01252936570086141 0.03265619
 0.0007760962359332392 0.016418697
 0.01676413255360623 0.020786347
 0.01001926782273609 0.019223741
 -0.00382116927779906 0.020348848
 -0.006563706563706493 0.029149886
 -0.01254410035280283 0.034586457
 -0.0124497991967871 0.06497497000000001
 0.04509632224168131 0.090497938
 -0.05903760614638095 0.060647893
 0.006708595387840677 0.07886602600000001
 0.02374130167826451 0.06451805699999999
 0.009630818619582602 0.032860628
 -0.006405124099279429 0.036860333
 -0.01485148514851483 0.065134637
 0.01781275890637944 0.049831515
 -0.01009693053311793 0.033319045
 -0.007444168734491304 0.035437445
 0.018359853121175 0.04603241199999999
 -0.02579365079365074 0.034442632
 0.00488599348534206 0.034901927
 0.008488278092158482 0.031867126
 -0.008009611533840581 0.026234226
 0.01606425702811254 0.046004935
 0.01566784175479822 0.061449569
 -0.005882352941176415 0.047862293
 -0.0139165009940357 0.077499048
 0.0080353555644837 0.029571691
 0.01413570274636502 0.043668615
 0.005197920831667293 0.041090175
 0.001608363490148739 0.052889826
 -0.003199999999999932 0.038908252
 -0.01539084649655741 0.042501379
 0.009864364981504397 0.041372752
 0.0198139911039223 0.043645099
 0.00159045725646134 0.039695931
 0.02412545235223152 0.042510925
 0.01706484641638223 0.103743375
 0.0111152278621712 0.07042549699999999
 0.009818181818181802 0.065680243
 0.0144770177343468 0.051044143
 0.003216583273766971 0.045590883
 0.003931379556826284 0.025200842
 -0.00357525920629238 0.042090166
 -0.005046863734679057 0.039034944
 0.008273381294964044 0.076817128
 0.01293254106955613 0.141786192
 0.006597222222222143 0.119910483
 -0.00138792505204716 0.075134967
 0.002084056964223768 0.065410387
 0.02176165803108805 0.081425158
 -0.006397306397306321 0.07683087
 0.001016260162601665 0.050356702
 0.001700102006120391 0.06690637199999999
 0.002045687009887565 0.071034638
 0.005827905382241966 0.042352301
 -0.01026694045174528 0.07086282499999999
 0.01589495507947468 0.059472279
 0.01300924340979113 0.09581300700000001
 -0.0003384094754653659 0.105125942
 0.005768578215134093 0.122551216
 0.01630434782608697 0.125894078
 -0.0003360215053763966 0.14437716
 0.01653729328383402 0.212026131
 0.01556291390728485 0.197245812
 -0.008220979940808944 0.292370745
 0.01406563965170803 0.246854624
 0.01606425702811247 0.284845575
 -0.008177952240758913 0.430949788
 0.009927200529450718 0.177060901
 -0.003620803159973648 0.098861301
 0.0132187706543291 0.210578879
 0 0.130556528
 0.01088031651829878 0.145669054
 -0.009138381201044423 0.05415973699999999
 0.002973240832507428 0.033143866
 -0.01285855588526202 0.077882522
 0.006002000666889072 0.05404038799999999
 -0.003988035892323064 0.04408686999999999
 -0.001994017946161473 0.062969943
 0.01396740937811766 0.05820316399999999
 -0.001643655489809359 0.066681281
 0.003990688393747954 0.053265473
 0.01499000666222516 0.050560429
 0.006898817345597809 0.047082549
 -0.001978891820580433 0.062907677
 0 0.06460680099999999
 -0.002631578947368365 0.059345615
 0.0170715692711753 0.07383150799999999
 -0.01260504201680674 0.05802414499999999
 -0.003619611714379711 0.08314482399999999
 -0.0006574621959238371 0.040719167
 0 0.042256401
 0.01408912188728702 0.035775367
 -0.002265372168284799 0.013518873
 0.005204944697462594 0.026557659
 0.008706868752015465 0.033400428
 -0.007352941176470602 0.029127671
 0.009397278029812026 0.052307706
 0.005237315875613753 0.06265454600000001
 0.001955671447196829 0.055176246
 -0.0006607201850016378 0.062652684
 -0.02293423271500842 0.092267374
 -0.02568493150684932 0.07449605199999999
 0.001401541695865422 0.058433442
 -0.004172461752433971 0.047682758
 -0.02317537184365277 0.0553967
 0.02649240551042035 0.061329303
 0.01243781094527356 0.06921507
 -0.008008356545961017 0.051404018
 0.002506265664160411 0.08438480900000001
 0.01635264841805904 0.05598075199999999
 -0.01085814360770586 0.087629261
 -0.009887005649717555 0.044676819
 0.008550053437833931 0.042418331
 -0.007092198581560258 0.04574697899999999
 -0.0003543586109141748 0.040051317
 0.02248770203794802 0.050076355
 -0.01275422268183388 0.043418683
 -0.001061195613724837 0.039975038
 0.009862627685804901 0.044163305
 0.018499127399651 0.053809002
 -0.02092624356775298 0.051732948
 -0.001771793054571125 0.04734308
 0.01909909909909914 0.036570398
 -0.002467395135706743 0.031774744
 -0.01081081081081084 0.080193735
 0.02502720348204575 0.057524722
 0.009797060881735519 0.046848592
 0.006863417982155089 0.038209394
 -0.007508532423208273 0.030866827
 0.002764340013821641 0.035725688
 0.005470085470085475 0.037775529
 0.00034234851078391 0.030917167
 0.002076124567474127 0.044558579
 0.01493055555555555 0.035694908
 0.003412969283276378 0.02934042
 -0.01019021739130437 0.033851684
 0.01598095885753141 0.032307292
 0.01343183344526523 0.036453903
