# Created by Octave 4.0.0, Mon Apr 09 11:23:46 2018 MST <gesposito@rabbit>
# name: t2_hd
# type: matrix
# rows: 755
# columns: 2
 -0.7708297245799417 0.467402
 0.6726653271599511 0.3658058
 -0.4523312456506576 0.2981956
 -0.1313485113835426 0.4072474
 -0.9862105079420452 0.421099
 0.02646903123345786 0.4013015
 -0.7173855282968756 0.6245212999999999
 -0.123893805309735 0.4397308
 -0.2907488986784126 0.3899843
 -0.1855123674911731 0.4065535
 1.082135887883625 0.394531
 -0.1580611169652201 0.2879124
 -2.332310390179742 0.5618018
 -0.288548241659159 0.57433
 -1.325224652809302 0.7238947
 -1.4554163596168 0.904157
 2.402318190315941 0.6696926
 0.1091504456976574 0.336676
 -1.043956043956044 0.4164751
 0.1016635859519403 0.3996648
 1.512915129151292 0.5400159999999999
 0.06227758007116831 0.6435306
 -0.3029223093371251 0.3725195
 1.259899208063347 0.405384
 -1.532058094226004 0.4340651
 -0.09817045961624225 0.3815733
 1.277698355968542 0.4575811
 0.4039694388337522 0.6878236999999999
 -3.25525318635894 1.1133206
 -0.08022105356983993 0.7004521
 0.02679049830326945 0.4238635
 0.2592294627692787 0.3693959
 -0.9553571428571368 0.4612599
 1.008645533141202 0.414779
 0.2502010544187304 0.2806141
 -0.3755364806866968 0.5310612
 -0.2679289095293357 0.5114841999999999
 0.7584650112866848 0.6088224999999999
 1.28893662728249 0.633798
 -0.9420547458229669 0.4328576
 -0.8712053170468824 0.450539
 -0.1906664245505663 0.3449728
 -0.2368157391383597 0.3658994
 0.982711555959962 0.3967931
 0.2612612612612669 0.3642764
 -0.2615204256470433 0.4301864
 -0.1995826907375477 0.3965178
 0.3002729754322095 0.3466563
 -0.2348053824618487 0.5722178999999999
 0.7113272105168306 0.722259
 0.7076316732354051 0.9255074999999999
 0.123970601257404 0.3190171
 -0.05298481102083016 0.3075864
 -0.5224012750132844 0.3716056
 -0.8830801836806783 0.4467082
 -0.1507493127604874 0.4208527
 -0.9143062029401183 0.5187379999999999
 -0.01799370220423772 0.593881
 -0.3379279679857801 0.4216233
 -0.9682003908331883 0.3845043
 0.9522082161966058 0.3864664
 0.6086645184389606 0.5515857
 -0.6444683136412449 0.3794058
 -0.8368945868945848 0.3643735
 0.3816455134463412 0.4631403
 0.6041502495403309 0.4171921
 0.7510917030567681 0.3688931
 0.1386241552590509 0.3365201
 -0.9838612237852771 0.5234833999999999
 -0.01746877456546076 0.549758
 1.03340757238307 0.6107521
 0.3967904064897301 0.4660582
 0.8248508248508355 0.5485245
 -0.5381477302317423 0.4308872
 -1.002265992679093 0.442777
 -0.2646202699126853 0.4468238
 0.9493670886075934 0.4176783
 1.050712052796117 0.510404
 0.4485078488873521 0.3291136
 0.04274234911950518 0.4301198
 -0.6206427478320047 0.3645105
 0.7716710966303745 0.3008159
 -0.3210001689474535 0.4299076
 -1.545738660359826 0.4768869
 0.197086546700946 0.3986101
 0.05955926146515202 0.340888
 0.5725517005640076 0.4080013
 0.4781012550157964 0.4620961
 0.8644067796610135 0.6255459
 0.3772003352891893 0.5135524
 0.5037783375314934 0.7255634
 0.7961914142657792 1.1021859
 0.07336757153338502 0.6490296999999999
 -1.180521396950318 0.5551223
 -2.827505437510465 1.0171352
 2.262607905497509 1.3652647
 -5.153846153846155 1.0203493
 1.63948798877784 0.9308637999999999
 0.1361702127659545 0.7245102999999999
 0.07664140338924397 0.5005400999999999
 -0.4700452952739179 0.543528
 -0.8070883410825526 0.7385653
 1.43690673169033 0.6478959
 -0.3674271554302374 0.529029
 -0.2267178235088988 0.5737506999999999
 0.6396404183594167 0.5761313
 -2.681239859960721 0.5263696
 0.4298245614035042 0.5252789999999999
 1.289813108712818 0.4470003
 -0.6666666666666632 0.4247696
 1.219724690712673 0.4990966
 1.498966230186074 0.5282176
 -0.354939575762699 0.6510325
 -1.193030641146683 1.1341149
 0.5346671265953817 0.5201129999999999
 0.3466204506065784 0.4623283
 0.2762192490289231 0.4080435
 0.8670019074041962 0.5135944
 -0.4179817452870503 0.5473251
 -2.085299922766676 0.593576
 -1.138254093336833 0.7896519999999999
 0.979277782635298 0.5385111
 0.6882904585735156 0.5198632
 1.947040498442367 0.433963
 0.378947368421055 0.4527218
 -0.3526448362720298 0.5203282
 0.3775167785234923 0.4682415
 1.466767244992037 0.4951626
 0.04947637503092461 0.3851112
 0.3374763355008732 0.2860338
 -0.1313952533464701 0.2961609
 -0.8736503750103044 0.5194053
 0.9865693914773651 0.3415136
 0.9126037984049984 0.4056445
 0.3996411385694437 0.3039662
 -0.03254943445358145 0.3317818
 0.008110957904121099 0.3491807
 0.3712671509281628 0.5854187
 -0.3199744020478407 0.5277128
 0.3693295865114476 0.4549886
 -0.03212593365995201 0.3674365
 -0.4502331564560237 0.6819299999999999
 0.1701507049100581 0.4599953
 0.3001541332035407 0.498101
 0.1368319381841611 0.3715435
 1.151090718827974 0.4302364
 -0.07969397513548654 0.4101214
 0.2072373664913161 0.3046978
 0.5667757643490126 0.375051
 -1.033386327503972 0.498452
 0.618523576190867 0.3867512
 -0.5740253527864251 0.3247396
 -0.2979545820583061 0.4268137
 -2.5182778229082 0.8691367
 0.6580591420241618 0.7759328999999999
 1.057184046131673 1.0499176
 0.07908889591901971 0.6485633
 0.2608077135857095 0.4657994
 2.237751256281414 0.8176464999999999
 1.758697488672139 0.6328336999999999
 1.265822784810117 0.6615042
 0.71807913830504 0.5300948999999999
 -0.05192493138490704 0.333766
 -0.9763313609467407 0.7431951
 0.6815458358298356 0.5227645
 -0.557372175980975 0.5019886
 -1.939784301977234 0.6688008
 2.265298365640433 0.5387092
 -0.05223880597014417 0.5387590999999999
 0.8514806721422616 0.4731424
 -0.9834096539298868 0.5055628999999999
 0.4395271294331495 0.4186225
 -0.4958425509192201 0.5300764
 0.7018079182241113 0.594198
 -1.002865329512904 0.4921773
 0.5523189831278038 0.4711726
 -1.285134525777851 0.4345798
 -0.3365715597032033 0.9840572
 0.2366412213740476 0.3414798
 0.3882164877825918 0.3401932
 0.4679598460261186 0.3244802
 0.07530120481927281 0.1517075
 0.3251417769376233 0.2607306
 0.2474319562120297 0.3037424
 -0.1721814642910751 0.2484826
 -0.6236850015028648 0.3178724
 0.7378372146644988 0.8029691999999999
 -0.5489897064430033 0.5320942
 0.06201550387597869 0.8199577
 -1.205388796974711 1.255097
 -2.008857956342923 0.7104539999999999
 0.7287579082245508 0.6811613999999999
 0.5600252405742181 0.5695664
 -4.761904761904757 0.8873498
 -1.376865364003629 1.3379667
 1.801571038251366 1.0476385
 -0.6470881035340974 0.6342403999999999
 -1.212995164984313 1.1184971
 2.419492247401605 0.8990673
 0.9207497533706055 0.6553764
 -1.353541903063707 0.4825185
 0.3861003861003852 0.4469121
 -0.726767924220154 0.538582
 0.2541608592276808 0.4868338
 2.102784769018433 0.7569534
 1.272814601344863 0.4615644
 -0.1116338410015155 0.5815975
 -1.769560387240112 0.7482744
 -2.054185200161752 0.9143017
 -3.689304326246996 0.8082003999999999
 -2.679892108239809 1.1273174
 2.632053362177755 0.7503232999999999
 -0.1484716157205255 0.5299769
 0.1680226388397574 0.6386242
 1.253481894150416 0.533436
 1.109041652556724 0.6904372
 0.6309672063096645 0.5957509
 -0.7938476804763152 0.4455222
 1.560674344850613 0.540998
 -0.1219512195121997 0.7746561
 -1.944881889763779 1.1125565
 1.257557436517535 0.7925608
 0.8746819338422347 0.4735798
 -1.042401442119287 0.4604369
 -1.694915254237289 0.5404784
 0.737297643853183 0.4896321
 0.08766337264902728 0.3955236
 1.277955271565491 0.5008722
 -1.421056763759129 0.6447919
 0.9279257659387221 0.407868
 1.197891710589363 0.5260935999999999
 -0.7872156183578681 0.4046782
 -0.2456418383518243 0.4499992
 1.173505552492722 0.462531
 0.3192400529471281 0.3622435
 0.7221618263705597 0.4034561
 0.6325696212296483 0.3603257
 0.5995388162951585 0.4130995
 0.1601342077169498 0.7903393999999999
 -0.3953470691097166 0.3810936
 -0.01531276318812513 0.3933097
 -0.2833295045562482 0.3611137
 0.7102053419793237 0.3448905
 0.3675344563552972 0.2621114
 1.122137404580152 0.3404161
 0.2328900909022416 0.3135898
 -0.09733453129679204 0.3677922
 1.314800901577761 0.4256861
 -0.8965973396046144 0.3512055
 0.2831594634873502 0.4068115
 0.8864059590316556 0.3364816
 -0.6383136643657576 0.3939974
