# Created by Octave 4.0.0, Mon Apr 09 11:23:54 2018 MST <gesposito@rabbit>
# name: t2_hon
# type: matrix
# rows: 755
# columns: 2
 0.5103023300596968 0.1956376
 -0.06681301899398032 0.2107757
 -0.9874412807976235 0.2801858
 0.2719238613188318 0.218691
 0.03855421686747591 0.2222864
 0.6684103458296985 0.3360309
 -1.271721192117272 0.6716310999999999
 0.4209495839451713 0.3044257
 -1.324374330509299 0.3158637
 0.9483354736738059 0.3329405
 1.010001961168858 0.3230534
 -0.4564436243566076 0.2699991
 -0.3304821150855261 0.186599
 -0.0194269062651734 0.2105935
 -0.4987775061124744 0.2715924
 -0.6301693580149671 0.3128752
 0.9255612445844799 0.2100208
 0.09758001561279694 0.2382783
 -0.9559110417479416 0.2214769
 -1.13558492413119 0.3834713
 0.3576751117734719 0.4487072
 -0.09782821365681307 0.3955189
 -0.2816080792386932 0.3380891
 0.4220651747153581 0.2481613
 1.299709020368577 0.4612028
 1.506770932672133 0.4946383
 0.1687447267272828 0.546821
 0.1125175808720022 0.3039502
 -0.5638567803777788 0.2502058
 0.2926737160120867 0.3377446
 0.07527286413247863 0.265973
 -0.329349769455156 0.145798
 -0.6350108994408129 0.218243
 0.2187351402757867 0.20917
 0.3227337446606582 0.2407204
 -1.194765787976475 0.2375774
 -0.1631008346925086 0.2152072
 0.5674713859767273 0.19546
 -0.01904761904761526 0.1517008
 -0.5560882070949169 0.2469631
 0.05787037037035885 0.1593901
 -0.4914715235617143 0.1472982
 0.2225878254137269 0.1524179
 0.4506232023010536 0.2103098
 -0.3135987836168376 0.1631752
 -0.3734201455381085 0.1249695
 0.2519868191509894 0.2869411
 0.8916456677650586 0.1816189
 -0.1724468288944171 0.2669161
 1.169590643274853 0.2227744
 0.1140467591712646 0.2782794
 -0.5004721435316346 0.2188899
 -0.4939209726443732 0.180924
 -0.6205250596658766 0.2298884
 -1.627486437613014 0.1449591
 -0.183167839583532 0.211452
 -1.049256776450027 0.2139317
 -0.6817960455829384 0.2195484
 -0.1359487279083323 0.2171453
 -0.6108202443280932 0.1793136
 0.8669950738916212 0.2262461
 0.4100761570005875 0.2365298
 -1.009803921568629 0.2346225
 -1.114151681000769 0.2720726
 0.4118050789293085 0.2574428
 0.4161021869556731 0.1608582
 0.3470883146934048 0.1443184
 -0.2305918524212095 0.2735262
 -1.258461245113936 0.4628436
 0.5909264201296269 0.5442485
 0.6338694418164633 0.4522601
 -0.5847953216374179 0.3724364
 -0.5884586180713787 0.3127656
 -0.439015079213598 0.2369342
 -1.343956993376217 0.2803327
 -0.3529411764705877 0.3291338
 1.460564751703992 0.3928774
 1.285988483685224 0.2572942
 0.3427918491715858 0.2212355
 -0.6713313161876021 0.1979035
 -0.3047038659302925 0.2348098
 -0.09549274255156065 0.2875989
 0.2180094786729896 0.1956048
 -0.009451795841201234 0.2125112
 -0.1892863903085395 0.1821847
 0.7984969469234329 0.2215846
 -0.6973895014607435 0.3234406
 0.2374394529395004 0.3677381
 0.514383692131827 0.2072322
 0.3975014196479289 0.1577039
 0.6820765441455086 0.228209
 0.4159969745674555 0.3427834
 -0.4360189573459656 0.248949
 -1.393025266596218 0.3981366
 -2.93511337979779 0.7342487
 3.195061193544896 0.7645932
 -4.494153533299428 0.6076779000000001
 1.620442505453415 0.5259485
 0.7565059511801493 0.5025255
 0.502411575562701 0.3444386
 -0.3413311916474284 0.4240564
 -1.051763250154681 0.4225695
 1.009996908172734 0.3813545
 0.05075111652456066 0.3105919
 -0.7399034015003585 0.3653449
 1.012043315453901 0.3706287
 -1.573078454798883 0.3282042
 0.8407617504051846 0.3523787
 0.1507992359505436 0.2553036
 -0.7899210078992164 0.2502819
 0.6824568446406991 0.299793
 0.2681497666103844 0.3244208
 -0.3963142772218425 0.2665887
 -1.258938463087924 0.4888110999999999
 -0.4481564473416295 0.2667752
 -0.2492729538844982 0.4579796
 -1.694034504261064 0.5708795
 -0.03203416978110105 0.5554409
 -1.308569016462652 0.3898497
 -1.335775072713557 0.4357563
 0.5980210938349431 0.3452374
 1.110517885744786 0.439736
 -0.03166561114629633 0.3315389
 3.395094784191927 0.3812519
 1.339101771734649 0.3701708
 -0.1727993494612743 0.2591368
 0.4645057053418093 0.2981565
 2.018774603815484 0.3084548
 0.03955696202530858 0.3304601
 0.2073255010366213 0.1761301
 -0.8541914978148725 0.3656215
 -1.60224314039655 0.3543943
 -0.3339067084893234 0.6011442
 -2.969999999999999 1.2645997
 0.402934187416056 0.5948011000000001
 1.111111111111109 0.4649106
 -0.1011429149388172 0.3632975
 3.334340687015214 0.4416131
 -0.1742328912980416 0.4108626
 -0.6188358151228008 0.1901753
 -0.1267303567946924 0.2452245
 1.043800604819035 0.2515945
 -0.2905850445563707 0.3129066
 -0.009681479330046584 0.2922044
 0.8811852425680361 0.2448775
 -0.3077810906992336 0.2466397
 -0.3086122094705306 0.1940571
 0.2128071193654467 0.2224118
 1.098473801885871 0.2456125
 -0.619254958877601 0.3272162
 0.1271145008311427 0.2755436
 0.3693623639191385 0.2305808
 -0.4782354089400693 0.3471668
 -0.6584766584766601 0.2443823
 1.859912940245346 0.2297949
 -0.8625702655553408 0.2423811
 1.403235236795944 0.2560713
 0.7481296758104748 0.3408642
 0.2277255906632459 0.2561656
 -0.9189086775293662 0.3134552
 -0.1258470474346519 0.5749398
 0.144955546965589 0.372506
 0.3858769052672252 0.1144656
 -0.3355704697986523 0.2785131
 0.2406159769008662 0.3264531
 -0.7795207391011474 0.2479791
 -0.9766947103761638 0.2702815
 1.722124927028601 0.3552293
 -0.3538976566236158 0.2298449
 -0.3591187032903082 0.2711874
 -0.2056807051909831 0.2464636
 -0.3915426781519102 0.2812836
 -2.034506831554794 0.5553724
 0.6508033353670943 0.5749664999999999
 -0.9655033692044734 0.5086055
 2.310036370785407 0.7361232
 -1.813819577735125 0.3747074
 -0.2546772455676414 0.5489029
 -0.1168224299065465 0.3062604
 1.194986884290284 0.2552226
 0.2579042888527998 0.3650299
 -0.2097835415276045 0.07938580000000001
 0.09594166746617511 0.1435086
 0.1330798479087458 0.2013709
 -0.8918406072106375 0.2225209
 -0.4804458537522822 0.2079409
 0.9348553434363203 0.3324281
 0.7501948558066992 0.2553659
 0.09790483649891749 0.2321637
 -1.30296399443008 0.3420518
 -1.491192954363486 0.4027218
 -0.4047763610605055 0.3130699
 -0.07053607416363683 0.3146672
 -2.656641604010031 0.2947679
 1.438257653585362 0.5441967
 0.9863980895026505 0.4790444
 -1.107498475919532 0.3407152
 0.7854225573358468 0.4952485
 -0.2478826688700629 0.3042195
 -0.3260648053800768 0.3180565
 -1.127280180364823 0.2338845
 1.819121447028429 0.3237134
 -0.8284749923289376 0.5037674
 0.05106209150326507 0.4484546
 2.188335478760282 0.6590985
 0.6653620352250417 0.5385822
 -1.119842829076622 0.3776914
 0.6998521439132516 0.3724871
 0.8457075425312217 0.5016264
 -0.5162672900837728 0.3642428
 0.5247524752475259 0.3431608
 2.474062250598567 0.3658256
 -0.5235602094240898 0.4035854
 1.125385917737287 0.5024618
 0.7791195948578079 0.4377599
 0.459462046520536 0.5187697
 0.7021539045450184 0.5970993
 0.5097706032285396 0.4035154
 1.064631618616917 0.4420577
 -2.620370370370369 1.5114162
 -0.6423161729460278 0.7816496000000001
 0.9479136128212634 0.6473499
 0.5500868558193333 0.4838555
 -1.018349505235856 0.7907929
 -1.208694804561857 0.5563440000000001
 2.181256635459903 0.8206880000000001
 0.6521739130434762 0.4190103
 1.294559099437157 0.5306279
 0.2781641168289397 0.2946766
 -0.324615099239468 0.388154
 1.014084507042252 0.3097676
 1.066988309519397 0.3561147
 -0.6327372764786774 0.3139296
 -0.5291488002919427 0.2797118
 -0.1839757152055824 0.2784672
 0.8350343291890941 0.2021387
 0.5893728704300585 0.2646719
 1.230965624145158 0.4204982
 0.457030199838687 0.5403513999999999
 0.8412385895829713 0.288804
 0.8930166101089481 0.3116928
 -0.2311727571796969 0.2192894
 -0.08078269455165911 0.2355663
 0.07173601147776031 0.21341
 0.6294964028777004 0.2467774
 -0.7520792780038881 0.2220061
 -0.05351886540005554 0.2479358
 1.551569506726461 0.2363174
 -0.7670604831599405 0.2324099
 -0.1607717041800577 0.3321659
 1.117967981397013 0.2509973
 -0.7995025317580097 0.2760445
 0.03568879371877788 0.2072344
 -0.4181122675918502 0.2149564
 0.8386118297796393 0.209905
 0.7109628719388994 0.3457792
 -0.40873119401687 0.1766496
