# Created by Octave 4.0.0, Mon Apr 09 11:24:24 2018 MST <gesposito@rabbit>
# name: t2_jpm
# type: matrix
# rows: 755
# columns: 2
 0.3264240248082189 0.11728495
 0.5704971475142647 0.0986967
 0.6975989617131728 0.15468702
 0.1270648030495526 0.33775406
 1.791376030437532 0.28732225
 -0.4213483146067354 0.16640454
 -0.6482213438735124 0.20221236
 0.03163555836761014 0.12755309
 -1.61061108479393 0.14985119
 0.4628890662410202 0.14484658
 0.01592610288262145 0.12851257
 -0.04790036723615063 0.09597525000000001
 -0.5741626794258363 0.11146409
 0.4320691310609634 0.12307828
 1.66240409207161 0.17601215
 -0.5033029254482546 0.16840865
 -0.1412872841444323 0.11640805
 1.633165829145727 0.14972462
 -0.1705161990389078 0.17692369
 -0.9452967611963419 0.18087852
 1.303596670331394 0.15039936
 0.800369401262115 0.16802611
 0.2911431198283753 0.13799675
 0.07655795437145484 0.12762234
 0.1528584530724462 0.11874274
 0.3341941364119685 0.11855518
 -0.3780432481475881 0.11152125
 0.9422492401215876 0.10510893
 0.3594428635614934 0.14282994
 -0.7020164301717683 0.12446012
 0.7710916238282508 0.12934474
 -0.2401320726399468 0.09296939
 -0.7099697885196358 0.15571327
 0.7884761182714117 0.10963652
 -0.2411091018685904 0.11797444
 -0.6044122091266328 0.14310723
 0.1363843006516191 0.11899261
 0.2886222087194254 0.12784152
 0.4064428721962908 0.12927263
 0.03016136329361487 0.13863283
 0.07421701053881127 0.20801141
 -0.8449451526830614 0.1455866
 0.3435399551904466 0.13263493
 0.9912708980618459 0.17478898
 0.2340550029256825 0.13739872
 -0.08783487044356941 0.11804741
 0.6066883693400364 0.14082323
 0.8853474988933283 0.11692849
 -0.3946791404765327 0.14521889
 0.6291148500365865 0.16759603
 -0.5550686532281558 0.21606383
 0.1306809931755324 0.14306669
 0.576784426820484 0.15736884
 -0.7049345417925609 0.16995033
 -0.9665320253894801 0.13314291
 0.01450536698579216 0.14489159
 -0.7092198581560342 0.19934417
 -0.1914862277213072 0.20677358
 -0.07339988256020459 0.13964423
 -0.6328182487122984 0.12822941
 0.6728468899521574 0.13527098
 -0.4322551796094891 0.22421483
 -0.8636363636363532 0.17707242
 -0.571514513460664 0.14984705
 -0.2529009223445429 0.12356059
 0.2945941964943332 0.16175638
 1.559282141806417 0.20185118
 -0.05777841976022859 0.16891606
 -0.1005313801522234 0.18035652
 -0.2018745493871674 0.14040686
 -0.3453237410071869 0.11512894
 -0.08675534991324794 0.11659915
 1.154734411085446 0.15493019
 -0.7835874056133313 0.14331837
 -0.7632488479262689 0.12413896
 -0.2054292002934711 0.16801563
 -0.7293946024799417 0.1493236
 0.90749414519907 0.1305919
 0.1595821848251841 0.10197182
 -0.6955513693667642 0.11911818
 -0.08747630849978462 0.09980587
 -0.01460493646853383 0.10963966
 -0.4634322954380785 0.1130286
 -0.7272727272727273 0.10803363
 -0.4097760866383743 0.1145331
 0.9821166813251271 0.1266144
 0 0.14800333
 -0.2521881026553949 0.21150053
 0.4460966542750887 0.11930623
 0.6971225155740119 0.11248813
 0.6654835847382263 0.1032654
 0.3383348043542068 0.10617481
 -0.4857941999116921 0.15198203
 -1.302200269420752 0.2085873
 -2.289138116454144 0.28030954
 1.619160060718504 0.36031073
 -5.055467511885903 0.31605022
 1.796116504854368 0.33370812
 0.7814942169428059 0.28854171
 -0.2488722974024122 0.16581709
 0.7703191322119083 0.14124089
 -2.227525855210817 0.23584748
 -0.0798466943468495 0.17640262
 -0.3180661577608188 0.16944771
 -0.4854368932038789 0.20105957
 0.6213159152461263 0.13290404
 -2.752580544260241 0.13764967
 1.293242806336885 0.15685272
 0.2885540237255526 0.12722369
 -0.4150702426564463 0.10177079
 1.306564690885915 0.13951529
 0.3912975426514321 0.12226599
 -2.323043342687873 0.20842253
 -1.439430697072619 0.30889875
 -0.1137841352405726 0.13122993
 0.5115511551155035 0.14662839
 -0.2631578947368365 0.11683827
 0.3499416763872702 0.17002374
 0.3264240248082189 0.18325631
 -1.543007222587007 0.16872689
 -0.233411137045671 0.19261119
 0.4448105436573245 0.18688537
 0.4908376963350856 0.16780949
 2.047323376405435 0.20386849
 1.273677335075116 0.13405854
 -0.09660280148124661 0.12037923
 -0.6714628297362024 0.12784772
 0.4527081649151191 0.13899433
 -0.737297643853183 0.12036622
 -0.1940491591203178 0.10824903
 0.260628766900141 0.15182083
 -1.267281105990777 0.28937454
 2.348271870348936 0.18095043
 0 0.17434885
 0.3548387096774175 0.14479153
 0.256574727389358 0.11545128
 -1.304071246819339 0.12113422
 1.233578981095796 0.15269206
 0.3771805752003691 0.16944141
 0.09398496240600747 0.13858411
 0.1731465449393978 0.08775339
 2.825745682888535 0.17924895
 -0.07661661048116973 0.12690848
 -1.60796324655436 0.15642649
 1.691233514352216 0.15225097
 0.7504977791392171 0.11499353
 -0.2423875170428887 0.11382412
 0.9879920960632184 0.12561702
 0.1316366827555788 0.23179728
 -1.906841339155753 0.17120033
 0.7292751897603946 0.13093668
 -1.101321585903084 0.08494786999999999
 -1.286269817529165 0.13272016
 -0.4252733900364537 0.11682962
 1.604032997250247 0.11031402
 -0.8099595020249082 0.12320306
 1.459085439229842 0.12727534
 0.1183782184078104 0.12718778
 -0.661862038535062 0.11194673
 -0.6388352399346409 0.1133534
 0.9218679159740055 0.10852532
 -0.1045868818168346 0.07772026
 0.2537313432835847 0.04052633
 -0.8917954815695515 0.15091696
 0.400950400950395 0.12668449
 -1.724900486510396 0.13399839
 -1.541224001197069 0.14626881
 2.708018154311659 0.17786043
 -0.975465563109661 0.11686033
 -0.4377358490566132 0.13084484
 -0.2286236854138175 0.16770188
 0.1068050045773469 0.12838986
 -1.12654320987655 0.17889293
 0.06695003658896126 0.17504146
 1.582910711541419 0.18126588
 0.9266178448662451 0.21720024
 -2.3858615611193 0.1812209
 -2.379869637714102 0.23819643
 0.7997539218702097 0.18869297
 -0.3640776699029049 0.12149529
 0.9225650332728365 0.12524453
 -0.03002101471031256 0.04468242
 0.1357670840247235 0.06610608999999999
 0.3441053261519895 0.0982083
 -0.6712410501193359 0.0719065
 -0.2417283577579644 0.14654329
 -0.5160281469898442 0.25271341
 0.0470957613814663 0.16566703
 0.1434948979591891 0.22961532
 -1.936218678815486 0.27630867
 -3.615246196630133 0.22373287
 0 0.20925529
 -0.8242220353238048 0.22971612
 -3.565422132526064 0.28563254
 0.06877579092160635 0.31234155
 1.045172719220543 0.37595606
 -1.24718517235406 0.22776517
 -0.2157109473305852 0.3461102
 -0.8790814495873736 0.31244542
 0.9036144578313344 0.22453115
 -1.451841359773372 0.20892401
 2.202327663384059 0.17519535
 -0.07007708479327111 0.20499582
 -0.4172461752433971 0.15487278
 2.887774511499225 0.26727855
 -0.5070993914807255 0.16761416
 -1.468555632342781 0.22269412
 0.0697228516646316 0.31521731
 2.3484051875219 0.21570101
 -1.416865824513483 0.21897326
 -0.2645969306756016 0.28229438
 1.645867245433177 0.26251534
 -1.856107477461547 0.22360482
 -1.539888682745822 0.43976046
 3.306379155435765 0.36905293
 0.2060793405461181 0.23537318
 -0.1359388275276097 0.21185566
 -1.750509857239975 0.16937282
 0.5565217391304352 0.1559553
 0.1025465732353483 0.14867122
 -3.074265975820382 0.31533968
 1.702898550724633 0.25526826
 1.567789061108134 0.14453901
 -0.1734906315059012 0.20867827
 -1.933461069500086 0.19504736
 4.298801973220587 0.23505176
 0.9459459459459376 0.209227
 0.6377979187646905 0.15768403
 -0.08319467554077248 0.18420483
 0.6718172657037262 0.12820229
 -0.7262286775882447 0.14050324
 -0.05071851225697571 0.13222794
 -1.644571236784702 0.21108547
 -0.0841892574507445 0.21005331
 -0.05071851225697571 0.13412516
 1.127434233003081 0.10910468
 -0.1068104369055411 0.17039145
 -0.03403096818105007 0.19190218
 0.7160699417152369 0.29494852
 0.3985386914646329 0.12659604
 0.4167361226871145 0.12012152
 -0.6629101756712059 0.11580873
 0.3035413153456993 0.12887007
 -0.218377288761973 0.11158977
 -0.5056463846283451 0.15855168
 0.4204507231752439 0.13269003
 -0.3868797308662809 0.14780568
 1.440189766180946 0.15405515
 -0.403768506056519 0.12277467
 -0.3925584570745929 0.12870771
 1.082846338948096 0.12156589
 -1.613456917267418 0.19087683
 0.05198405822214718 0.13535569
