# Created by Octave 4.0.0, Mon Apr 09 11:24:16 2018 MST <gesposito@rabbit>
# name: t2_jnj
# type: matrix
# rows: 755
# columns: 2
 0.7556925524510343 0.8073887
 0.7204184348169387 0.6786456
 -0.9749852274965619 1.0753497
 -0.5244928253339942 0.9322174999999999
 0.05967774020289244 0.8237103
 -0.4787074897775903 0.7324782999999999
 0.2113313877427732 1.1084248
 -0.0498703371234903 0.6668541
 -0.3576395787800511 0.6532698
 -0.1987478883036755 0.4764283
 -0.03980099502488185 0.7351494
 0.9689341724103475 0.6566915
 -0.5733491498616037 0.9113861
 0.2887008461921274 0.7484611999999999
 -0.119391105362655 0.8926248999999999
 -0.8693914260017891 1.0170628
 0.5119453924914584 0.6255973
 0.01993421708362007 0.5532387
 -0.6291820633176826 0.8828129
 -0.4517165227865919 0.8030769
 0.7277137659187375 0.6401551999999999
 0.9852707006369376 0.7508621999999999
 -0.2862218712988472 0.5698884
 -0.4064234734337794 0.690307
 -0.1291219705999301 0.5826749999999999
 0.851738140041596 0.5454009
 0.3137870170621624 0.6023543
 1.02569112044544 1.0479584
 0.2894076789504121 0.7724080999999999
 -0.785290174296119 0.7146547
 -0.4761442036731075 0.6875627
 -0.8995795443434065 0.6216965
 -0.4050182752148679 0.7918872
 0.1188001188001092 0.9297934
 0.1386001386001392 0.5700050999999999
 -1.388478581979317 0.9957798
 -0.2393298763462255 0.7298085
 0.06004803843074687 0.8312446
 -0.2292663476873901 0.5375153
 -0.7104262557534458 0.805786
 -0.4040812203252768 0.7557267999999999
 -0.6490872210953352 0.7054613
 -0.2336448598130882 0.7844314999999999
 0.4061738424045404 1.0025139
 0.04032258064515327 0.6175187999999999
 -0.5360032362459559 0.8717216999999999
 -0.265984654731463 0.6833452
 0.8820512820512815 0.6049521999999999
 0.3557633665379229 0.6155752999999999
 1.517297187942545 0.8815756
 -0.02002402883459754 1.1653584
 -0.5069582504970088 0.5055871
 -0.3196803196803129 0.6046627
 -0.1808863430811042 0.7254699
 -0.3819095477386889 0.6581098
 0.2112038620134705 0.9041051999999999
 -1.313396645787025 1.1150902
 -0.9854719089708555 0.8967911
 0.1729399796541218 0.6726694
 -0.4147698533130972 0.6091886
 0.5014839832156475 0.6817795999999999
 0.2940281861502649 0.7122569
 -0.6604348709611925 0.6845542999999999
 -0.6562342251388101 0.7316389999999999
 -0.2505512126678693 0.6969285
 0.2198900549725126 0.6986321
 0.5238766874874028 0.9890555999999999
 0.6615878107457864 0.7990324999999999
 0.1584943041109426 0.5774981
 -0.8028545941124019 0.8054182999999999
 -0.1293532338308412 0.5016151999999999
 -0.2584493041749413 0.589164
 -0.2290608505128869 0.6721855999999999
 -0.2985074626865644 0.5016148
 -0.6015037593984905 0.6524173
 -0.6971809639284609 0.8733993
 0.1314591970876686 0.7757505
 0.4735039290751549 0.7853488
 0.04008016032064755 0.5517401
 -0.1295594977078031 0.6216815
 0.01999999999999602 0.6172519
 -0.607509212229857 0.600534
 -0.04971661529282805 0.457128
 -1.413075927953032 0.6987962999999999
 -0.1716824883861863 0.6027855
 0.2209500853670916 0.6133457999999999
 -0.04038364462391927 0.6682636
 0.3150406504064919 0.7607491
 -0.2633178043346069 0.504796
 0.488152140750538 0.5177309999999999
 1.452661519707443 0.6901809
 0.1309955663039195 0.7618826
 0.1310748134704532 0.7642359999999999
 -0.1616978271854437 1.0612704
 -1.707467599259408 1.6097575
 1.910408432147557 2.5351034
 -5.183404744487401 1.5448939
 2.367882897427621 1.4693512
 0.1248699271592139 1.0990775
 -0.7922443448347807 0.9185454999999999
 -0.948566610455303 0.9067628999999999
 -0.2167082024054641 1.4562671
 0.1931952345175406 1.1476557
 -1.089045483664314 0.8937449
 -0.2948241974230138 1.0970218
 0.9130948544419318 1.128882
 -2.916096431203281 0.7325237999999999
 0.6622516556291385 0.831758
 0.5300735612289151 0.7365543999999999
 0.4520990312163481 0.7942983
 0.6503891672886228 0.7012676999999999
 0.1269975658799921 0.5623499
 0.327938220670689 0.8077474
 -0.7334183673469363 1.4147034
 -0.7883242782571739 0.7034395
 1.062215477996954 1.0613948
 -0.2360261774487704 0.5597308999999999
 -0.0432338953739646 0.7309673999999999
 -2.076832024104172 1.0763981
 0.7386990077177527 1.4261475
 0.8673026886383473 1.1427343
 -0.8286412408371413 1.0878014
 -0.2782832066788024 0.9649331999999999
 1.942695897547218 0.8289715
 0.6051597834165064 0.9332305
 -1.163774862462965 0.8273902999999999
 0.7638446849140662 0.9412395
 0.3906662443247857 0.7085760999999999
 0.2417490014715198 0.8219504
 0.9677080046281705 0.8904221
 0.6962759784787389 1.2742333
 -0.7142106921541778 0.8875972
 2.263157894736848 0.9463381
 0.3780525186471752 0.9143011999999999
 -0.1121876593574701 0.8607332
 -0.3675344563552828 0.6028079
 -0.01024170421958738 0.7059780999999999
 1.716913643331637 0.9870468
 0.4305166199439396 0.9147004999999999
 -0.1099450274862563 0.7560336999999999
 0.2702161729383467 0.8810123999999999
 0.0298656047784979 0.7248768
 0.8957897879964226 0.6158058
 -0.4924652811976756 1.0436628
 0.978454239968368 0.6281289
 0.1178318931657407 0.618931
 0.03925417075563498 0.5587363
 0.07823960880195432 0.6544187
 0.3445899379738196 0.6220838
 -0.5424598086596283 0.6606622
 0.4455445544554484 0.5079106
 0.07860090391039329 0.6278058999999999
 -0.8601937907850549 0.6866401
 -0.1599360255897749 0.8403086999999999
 0.8368200836820118 0.5753884
 0.1578843497138313 0.5120082
 1.122820841130701 0.7122425
 -0.1655951685174379 0.5160854
 -0.009757049468231931 0.7595381
 0.3711299931633904 0.6717759999999999
 0.2259110107062214 0.7492303
 -0.2055397866301341 0.5401490999999999
 0.08799374266719144 0.2353779
 -1.20999219359876 0.8557692
 0.6192863462105529 0.7545697
 -0.4390243902439052 0.6623373
 -1.447149701769815 1.2008737
 1.52859960552268 0.7845386999999999
 0.691940356690375 0.7262911
 -0.543794911633329 0.8005367999999999
 0.009790483649897314 0.794701
 0.3323558162267873 0.6479271999999999
 -0.6740255934355746 0.7796546999999999
 0.4968271926804168 1.0608346
 1.44179249878226 0.9283193
 0.5829510703363909 0.8178826
 -1.445416508178011 0.8740831999999999
 -1.096235933255719 1.4966025
 -0.7426226304475327 0.8321936999999999
 0.78500637817682 0.5581632
 0.3685384540781645 0.5531671
 0.5818463925523606 0.2546278
 0.03876720294629971 0.4062986
 0.6676988581381824 0.4229973
 -0.3169724330035523 0.3847819
 -0.628809132243403 0.4592603
 -1.209320617441736 1.2676541
 0.318154702724207 0.6467235
 0.5710278501302419 0.7733825
 -0.09062531467123493 0.9433096999999999
 -1.72206647977573 0.9766710999999999
 -0.682003257328992 0.8151427
 0.2551280742932953 0.6745013
 -1.492537313432835 0.820847
 1.843460350154487 1.0133303
 0.6537304140292575 1.2584636
 -0.43908914530788 1.2309624
 -0.3745708042867542 1.265546
 0.1775086143886412 1.126435
 -0.2782931354359885 0.8373754999999999
 -0.3308519437551625 0.9298071999999999
 4.030433888546167 1.7230721
 1.661856901184199 1.9213565
 -0.2243902439024429 1.2786777
 1.506463213140244 1.5389669
 0.7335199305086431 0.9794168999999999
 0.1064859632139394 1.0552953
 0.472744814278818 1.0141342
 0.2798957629572495 1.0335542
 -2.065069160335077 1.5404034
 1.6847771907088 1.4295074
 0.6514657980455992 0.9936693999999999
 -0.3135717785399247 0.9824592999999999
 1.234322118256031 1.2354175
 0 0.9006156
 -0.04884243430693696 1.0339984
 -0.24330900243309 0.8882892999999999
 1.371195176504908 1.0673961
 0.5599536590075288 0.9245285999999999
 0.296821141325165 0.6910459999999999
 -0.5446727185857692 0.6558473
 1.567640797367902 0.9044646
 1.362553596950922 0.8086858
 -0.9736004493540461 0.9048801
 -0.06648936170213467 0.9838422999999999
 1.246458923512741 0.8291533999999999
 0.1215976054625476 0.9703206
 -0.159146227298247 0.691785
 -0.009388789785001517 0.6703093999999999
 0.698113207547165 0.6968607
 -0.2816372512204254 0.7576942
 0 0.7433744
 0.1402000186933411 1.047464
 0.1953488372092965 0.7709571
 -0.2409191994069729 0.7240867999999999
 0.1300873443597849 0.8476598
 -0.2970388935301284 0.7051014999999999
 -0.6792593281846133 0.8564193
 0.4766800635573466 1.4580111
 -0.1210315613071366 0.7610245999999999
