# Created by Octave 4.0.0, Mon Apr 09 11:24:43 2018 MST <gesposito@rabbit>
# name: t2_msft
# type: matrix
# rows: 755
# columns: 2
 0.55757575757575 0.25723861
 0.2161902474177187 0.28022002
 0.869565217391303 0.3027669200000001
 -0.3588516746411449 0.24244382
 1.185344827586218 0.27343581
 0.5005959475566001 0.22509652
 -0.1319894408447317 0.42387608
 2.815720105439742 0.46057733
 -0.8488372093023302 0.26013844
 0.7382235762830975 0.25064273
 1.049195616693875 0.4630953
 4.840122645641702 1.30933665
 1.693838661867466 0.59248172
 2.87777312683131 0.6073077800000001
 0.6978653530377739 0.47804562
 -0.1232032854209492 0.64725457
 0.1543845203787625 0.38937336
 -0.2687616291089425 0.34039485
 -0.4600585529067313 0.50369191
 -2.711793146941348 0.5243302
 0.9293278582234702 0.32971654
 0.4206098843322878 0.35364911
 -0.3785488958990531 0.24609416
 1.067235859124867 0.29928264
 -1.172442415438883 0.34184613
 1.436390929854407 0.32980892
 -1.176590955596472 0.28642694
 0.06252605252188649 0.24136502
 0.04205214465936926 0.28574813
 0.4009284659210756 0.25047919
 0.2961082910321501 0.22410698
 -0.8456659619450289 0.25720583
 -0.5124919923126092 0.2958186
 1.687313114053821 0.27335639
 -0.1052631578947309 0.19283666
 -1.201771030993043 0.36519594
 0.3612409689757641 0.28837332
 -0.0213083315576348 0.21498326
 -1.097741186404889 0.28002154
 -0.9189997862791189 0.27745512
 -0.3670913409630786 0.25438086
 -1.23110151187905 0.22121634
 -0.2403846153846141 0.24406057
 1.790784013976851 0.28417405
 -0.4714959279897104 0.27347758
 -0.540891389009087 0.23930972
 0.05500550055005188 0.33254517
 1.058434399117965 0.27070306
 0.5248195932648196 0.28704061
 1.081782778018174 0.32658343
 -1.474674075657187 0.63837036
 -0.2158428663932688 0.20318055
 -0.4769130717537523 0.25896473
 -0.07663674184366913 0.34890901
 -0.8255485552900338 0.20615995
 -0.8543263964950724 0.49835287
 -1.487566607460039 0.34081746
 -1.252516215611725 0.35945384
 -0.03373819163292975 0.28343907
 -0.1798561151079098 0.21752013
 0.9781619654231112 0.23033961
 -0.09021199819577413 0.36435827
 -0.4500450045004405 0.39785901
 -0.5139664804469204 0.32424672
 -0.8886914019106833 0.25465757
 1.256253474152302 0.28178329
 0.3740374037403622 0.2288026
 0.1751313485113798 0.26629615
 1.412736361660506 0.26271673
 0.1503759398496247 0.29467107
 0.5787781350482383 0.30631905
 1.068832834544677 0.42781899
 0.2200704225352144 0.59152427
 1.85553346587143 0.3393401
 0.06534524068830569 0.32333244
 -1.284283848498033 0.3970142
 -0.526546731022367 0.34328948
 1.96035242290749 0.40945864
 1.340250756593179 0.39777883
 -1.247621061535201 0.3120148
 -0.3618561089825343 0.24125886
 1.689839572192512 0.33403916
 -0.8336807002917853 0.26959655
 -2.284636344581856 0.27368
 0.7544729467557694 0.19163038
 0.8093716719914705 0.2307987
 -0.8756941478000932 0.29237402
 1.190733925092021 0.30198532
 -0.7012324691882817 0.22627241
 1.010101010101008 0.21473402
 1.089510788293095 0.21099746
 0.9180187873612291 0.23574104
 -0.3634031637451939 0.31485511
 -0.8899500759713559 0.35671759
 -4.922737306843261 0.6883548500000001
 3.040791100123601 0.8804962000000001
 -4.921884177140841 0.70239286
 1.666269935729595 0.6303129900000001
 1.549849641452699 0.50498307
 1.22119815668203 0.28104231
 -0.09182736455463532 0.34159135
 -0.8299739151055286 0.49194736
 2.360717658168083 0.37490396
 0.2073255010366354 0.28053165
 -0.4671805652884906 0.36771788
 1.36258660508084 0.32204941
 -2.578602126215789 0.33318847
 0.3942486085343268 0.31234165
 0.7881316643486238 0.26184379
 -0.8979967764218295 0.23633284
 1.829127112757581 0.28662129
 0.7505117125312675 0.23256716
 -0.09031384059606942 0.29817918
 -0.04597701149426006 0.62221607
 1.123337918386066 0.26075359
 1.198709082526501 0.27824121
 -0.1365809241975922 0.17057235
 1.058688147295728 0.27652655
 -1.214028776978415 0.29177316
 -1.232032854209444 0.27219415
 0.1614018907078633 0.32653952
 0.8659981768459332 0.34589501
 -0.3128491620111745 0.28470381
 2.936525864016257 0.41571518
 1.934637665318625 0.33015524
 0.9065400388517197 0.2701716
 -0.6369426751592447 0.27381389
 1.91151202749141 0.33679346
 -0.7165437302423675 0.28397372
 0.04257130693912969 0.19734079
 0.7087628865979344 0.18937148
 0.06430868167202816 0.2464542
 0 0.27118898
 1.042109740535931 0.25779279
 0.4217629692112942 0.29106758
 0.6956155143339069 0.30573983
 -1.502504173622702 0.25144337
 1.051967178624027 0.54435667
 1.089866156787763 1.34828496
 3.274319436512467 0.63486782
 -0.5556584552695022 0.48640174
 0.8218154650728384 0.45353604
 -0.336197235711617 0.30036258
 -1.275318829707426 0.46473085
 0.7379375591296131 0.29946039
 2.304931040997542 0.3584228
 0.4060538944259853 0.37020378
 -0.2018719031014855 0.30648155
 1.543866136636777 0.30488633
 -0.7149404216315318 0.32466376
 -1.035694470131316 0.55020334
 -0.09310986964619043 0.34004446
 -0.2991772625280416 0.34485469
 -0.4333898624458204 0.36399856
 1.290504898266772 0.3161045
 -0.3761519653940245 0.3121164400000001
 1.603773584905663 0.28794418
 -0.09260974254492362 0.28131212
 -0.110599078341018 0.37100507
 -0.110599078341018 0.2776728
 0.6120178041542995 0.2448213
 -0.7395082270290362 0.21005147
 0.2416356877323468 0.09009113000000001
 -0.3483681701503442 0.53885371
 1.488696930711271 0.39848647
 -0.1988430947216186 0.47244551
 -2.324743196972426 0.38627835
 3.307464892830745 0.43963662
 0.03584871840832251 0.30709765
 0.5768884081485492 0.32878026
 0.4200913242009076 0.36373209
 -0.2166456038996162 0.31775826
 -1.188082617437395 0.39549497
 1.490889011595808 0.46768924
 -0.8264462809917242 0.39842998
 1.062297443284126 0.375033
 -1.171043293115679 0.41280907
 -1.186564439576485 0.84684164
 -0.09110787172012438 0.37246325
 0.6546644844517174 0.28322241
 0.2154398563734245 0.27279832
 -0.3401360544217646 0.09570002
 1.084010840108404 0.22458293
 0.4618937644341766 0.27731403
 -0.2833362847529601 0.21704505
 -0.9992862241256286 0.27334061
 0.8836524300441769 0.5284321
 0.2184598580010876 0.34079674
 -0.4970544918998585 0.39518863
 -1.005692599620496 0.56564852
 -0.07637960664502415 0.48753969
 -0.3999238240335191 0.36943756
 0.03790750568613178 0.36095539
 -4.014869888475831 0.6611901800000001
 2.134615384615383 0.5142980700000001
 -0.6236601052426433 0.70739137
 -1.787101787101777 0.43128276
 1.620648259303726 0.6316294
 -1.019607843137261 0.40169367
 1.71172923555729 0.36878402
 -0.2887947631882914 0.34497323
 0.7337323807684931 0.28699484
 -1.518938665641221 0.36266102
 0.3760123409178563 0.5848919
 0.6577745295085082 0.83137039
 -0.3097667638483996 0.43587105
 -2.159867085102459 0.5445355900000001
 -2.046948356807518 0.57347519
 -0.1919385796545133 0.46803371
 -3.427031189834426 0.60651115
 -0.282542885973765 0.57006105
 0.5303957568339412 0.45822192
 -0.3607937462417312 0.37899918
 2.074774034511089 0.48448154
 0.4975124378109453 0.33292336
 0.3732809430255498 0.35937137
 1.806175956496407 0.39670289
 -0.267532963883051 0.26244683
 -0.2886280546469089 0.33275399
 0.7077276205049683 0.24854437
 -2.216278181123431 0.28390773
 1.321759715920303 0.32076012
 0.7152522714092492 0.2669592
 -2.471482889733848 0.35869193
 -0.9152872444011662 0.31247142
 3.158720816166372 0.32778474
 1.030337721808827 0.29049172
 -1.170473853124405 0.24418148
 -0.7061068702290028 0.32280449
 -1.027928626842516 0.38407847
 1.673228346456696 0.33352218
 1.830795914434386 0.28145151
 -1.662573209899873 0.38384242
 0.1320754716981137 0.32174336
 0.8726996774805555 0.23751138
 1.592417061611381 0.21104763
 1.683816651075769 0.31297892
 0.8301051466519013 0.28186465
 -2.603787327021121 0.67422879
 1.145539906103285 0.23807263
 0.8580488714792032 0.22911577
 -0.258732212160415 0.19905295
 0.6872213967310502 0.18842667
 -1.235934329459512 0.1698824
 1.95676481550504 0.23375017
 0.2184598580010876 0.2292033
 0.5095541401273777 0.26173764
 0.944595821980024 0.24298612
 0 0.1883221
 -1.141511143323058 0.19148783
 1.398086828550401 0.21032057
 -0.7472207034809488 0.18584125
