# Created by Octave 4.0.0, Mon Apr 09 11:24:52 2018 MST <gesposito@rabbit>
# name: t2_pfe
# type: matrix
# rows: 755
# columns: 2
 1.125866050808316 0.29283243
 1.489117983963333 0.24353692
 -0.7355021216407298 0.34303193
 -0.05706134094150078 0.1598168
 -0.5367231638418015 0.29576121
 0.3421727972626103 0.19580445
 0.1142857142857118 0.28714998
 -0.08561643835616763 0.22402767
 -0.5982905982906007 0.22065411
 0.3159103963239501 0.14566264
 1.347090856979074 0.22705857
 0.1988636363636372 0.22801318
 -2.122241086587436 0.42492058
 -0.7484168105929911 0.46166849
 0.3511852502194833 0.37545364
 -0.5277044854881259 0.27709137
 0.6497341996455962 0.21543362
 0.6156552330694837 0.23590434
 -0.7273785277858598 0.22382158
 -0.8592592592592566 0.26859481
 0.4186602870813415 0.21508469
 0.6211180124223628 0.20411756
 -0.3813435024934073 0.26469509
 -0.08873114463176911 0.17889918
 -0.7106899615042995 0.23762495
 0.6822901216256211 0.17894537
 -0.0294117647058765 0.16886762
 0 0.24619161
 1.003838204901103 0.20854707
 0 0.15316889
 0.379783815366645 0.18112198
 -0.1165501165501141 0.12973502
 -0.2047981275599774 0.18863608
 0.2630809704764581 0.22041415
 -0.05803830528149485 0.15817238
 0.78306264501161 0.50083281
 -0.6039689387402958 0.27551643
 -0.4330254041570398 0.18666242
 -0.4052098408104213 0.17201219
 0.1169590643274829 0.20659114
 -0.2924831822170059 0.23067781
 0.02943773918162499 0.17670265
 -0.1174743024963264 0.23211089
 0.6748826291079929 0.23674
 0.4079254079254095 0.20155476
 -0.2623906705539251 0.21685532
 -0.05871990604815949 0.20933597
 -0.05871990604815949 0.20668868
 -0.2055800293685765 0.20993535
 0.8509389671361478 0.24510771
 -0.1460706982179292 0.28878959
 -0.08736167734420831 0.14041005
 0.2615518744551102 0.18452412
 -0.320326150262104 0.23080402
 -0.5553931598947609 0.23025334
 -0.7316359379572724 0.35670284
 -0.4150607767565772 0.28839453
 -0.7694584196507784 0.35018708
 0.3873659117997481 0.28218521
 -1.096621221102562 0.22627197
 -0.1501501501501416 0.2099242
 1.169766046790622 0.25852788
 -0.2980625931445434 0.20209854
 0.02954209748891583 0.22112005
 0.3504672897196187 0.21146375
 0.8690614136732246 0.18226226
 0.9205983889528202 0.18496477
 -0.1142204454597551 0.19466157
 -0.1138303927148524 0.15311782
 0.1713796058269131 0.16775621
 0.3131226871619682 0.14772177
 -0.2837684449489257 0.17658558
 -0.5134055904164281 0.17624916
 -0.600171477565021 0.12718083
 -1.068437770719043 0.21428146
 0.4975124378109502 0.31323719
 1.173440183171161 0.36671126
 0.789177001127399 0.45343528
 0.1401345291479741 0.21501902
 0.4177109440267494 0.29004377
 -0.3857812069440633 0.17096397
 -0.3036996134732177 0.25733256
 -0.6930967563071805 0.24247752
 -2.196885428253613 0.2447137
 0.05686664771110612 0.14653781
 0.4260153365521119 0.15619269
 -0.2556092019312792 0.19234841
 1.433897332950961 0.27984632
 -0.05652911249294269 0.19540577
 -0.1413627367825761 0.18067339
 1.110794645400172 0.13881656
 0.3673354054817817 0.13343611
 -0.2827254735651522 0.1783544
 -1.059564719358547 0.1875659
 -2.044392523364494 0.33439923
 0.5004691898655105 0.51386641
 -5.602409638554225 0.42215691
 1.091022443890279 0.43508869
 1.464307504575951 0.37493278
 -1.921921921921924 0.33425513
 -1.498012840110064 0.31907878
 -0.3178639542275951 0.38919568
 0.1252740369558382 0.31387436
 -1.177564301208561 0.20590645
 -0.254372019077896 0.2246407
 2.19918316054038 0.2587625
 -3.151515151515149 0.21280035
 1.969365426695839 0.31244823
 1.228124040528089 0.223474
 -0.6982392228293773 0.15571432
 0.6676783004552317 0.20855965
 0.6064281382656243 0.21380287
 0.9345794392523218 0.25018168
 -0.6952841596130499 0.36631547
 -2.054380664652567 0.235779
 0.875547217010624 0.23057293
 1.241464928615762 0.24401289
 1.050679851668737 0.30193156
 -3.246359223300971 0.34369315
 -2.776025236593057 0.4237173
 1.009443178117873 0.30830547
 -0.127186009538948 0.31972858
 1.725239616613416 0.29875496
 3.472005004691897 0.41392639
 0.08968609865469067 0.31795013
 -1.82634730538922 0.36397775
 0.5740181268882106 0.28831874
 0.5775075987842092 0.30001895
 0.544464609800362 0.20059513
 -0.03009328919650319 0.147669
 -0.6027727546714975 0.19377778
 0 0.1771145
 3.492256301245061 0.26177425
 0.1746724890829554 0.18479229
 0.2615518744551102 0.15614286
 -1.875901875901872 0.17415958
 -2.077846063798656 0.33081469
 -0.744490768314473 0.41363152
 1.763299462044221 0.27519066
 0.4705882352941076 0.23193321
 -0.05712653527562417 0.39073969
 0.6244677831393869 0.34389735
 1.518248175182491 0.71657435
 -2.732240437158478 0.56990111
 2.604623939127892 0.39414891
 -0.05715918833953451 0.28655162
 -2.23367697594502 0.30695685
 -0.233713117148695 0.20452423
 0.02948113207546583 0.30882263
 -0.4143237644273471 0.26692779
 -0.1182382500738964 0.20700002
 -0.5306603773584897 0.20392606
 -0.6545670931270422 0.17730357
 -0.2099580083983212 0.17996103
 -0.390507659957953 0.25311307
 -0.993975903614474 0.29644998
 0.6952841596130713 0.35617657
 -1.524855138761818 0.906435
 -1.227747084100671 0.64485869
 -0.2864417568427862 1.24508494
 1.880178457616316 0.8374487199999999
 1.576019777503084 0.79382953
 -0.3948967193195704 0.16119393
 -0.4254026131874612 0.41025835
 1.878787878787871 0.49298883
 -2.286902286902296 0.3182765400000001
 -1.609963547995143 0.47352572
 0.9541397353031552 0.31613799
 -0.2443494196701448 0.20968224
 0.5564142194744968 0.25734405
 -0.4009870450339376 0.39558235
 -0.2158495220474878 0.52793848
 -0.1557147306135072 0.4027523
 0.593935604876528 0.37838495
 -1.103617412630286 0.47339338
 0.4625346901017533 0.44432034
 -0.7063882063882185 0.38326977
 -0.8062015503876018 0.66616172
 0.9014609884985986 0.30623374
 -0.3065603923972849 0.25504927
 -0.06138735420502155 0.20969414
 0.3692307692307614 0.07927657
 -0.5521472392638027 0.26335651
 0.7982806263432545 0.17036188
 0.03054367745875996 0.1633543
 -0.5851555281798514 0.21103875
 0.3139717425431644 0.37176815
 0 0.27303637
 -0.3781909864481595 0.2584658
 0.7702182284980694 0.37213616
 -1.743264659271001 0.33055316
 -0.2568218298555323 0.38631767
 -1.210962396430844 0.38830184
 -2.315857188806687 0.40398368
 2.369200394866729 0.38335109
 1.952349437458636 0.46652453
 -1.381748071979434 0.32716369
 1.489572989076462 0.48614302
 -0.09800718719373126 0.36539117
 -0.9354838709677392 0.31436793
 -1.070385987674338 0.28638878
 0.4585653455617444 0.25875945
 -0.6186909801367675 0.28476677
 -1.628664495114007 0.4870336
 0.3620803159973648 0.56334256
 -0.5603164139749445 0.4741384399999999
 1.824324324324321 0.48145147
 -0.8024072216649898 0.44918949
 -1.661580196676835 0.56805633
 0.0344589937973865 0.38774934
 -0.4184100418410076 0.47414052
 2.212855637513181 0.56354257
 0.5455165359699971 0.44703897
 0.4136504653567647 0.39403014
 0.3760683760683741 0.32477925
 0.879864636209807 0.32335822
 -1.233333333333337 0.39083676
 -0.9054325955734392 0.47868355
 -0.3716216216216317 0.39433999
 1.00840336134454 0.38658634
 -0.3326679973386489 0.31763758
 0.7044615900704491 0.31608318
 1.627906976744181 0.52027726
 -1.78687459389214 0.42905727
 -1.395812562313055 0.3486426
 0.8392077878482713 0.3139338
 -0.4317502490866789 0.34159806
 0.03346720214190617 0.36828678
 -0.4690117252931342 0.36789859
 0.8121827411167459 0.32184014
 -1.310924369747901 0.32529284
 0.06729475100941984 0.7629200300000001
 -1.036789297658859 0.58103407
 2.417730020147746 0.60091043
 -0.561612157251398 0.46741871
 -1.137884872824631 0.54670155
 -1.626016260162603 0.9010989
 0.7554945054945016 0.66857415
 -0.1694915254237312 0.82729571
 2.10526315789474 0.35203771
 1.165501165501158 0.4061351600000001
 -0.7886953664147172 0.40662405
 -0.1328021248340063 0.31941809
 -1.030242605516779 0.31151744
 0.7712944332662657 0.34521096
 -0.2653399668324985 0.32086845
 -1.397205588822349 0.56512509
 2.038043478260863 0.48344479
 2.093718843469588 0.39693681
 0.4806151874399185 2.84427797
 4.407102092580852 1.48305026
 0.6451612903225833 0.61257964
 -1.005178190679252 0.52713652
