# Created by Octave 4.0.0, Mon Apr 09 11:25:15 2018 MST <gesposito@rabbit>
# name: t2_twx
# type: matrix
# rows: 755
# columns: 2
 0.4576390518657599 0.2176735
 0.1992498827941886 0.4532208
 -1.307952820273258 0.4400237
 -0.03553239369892353 0.4414642
 0.425682866264649 0.330591
 -0.1180358829083974 0.2489251
 -0.8205494113449847 0.4250454
 0.5261269879229914 0.2667938
 -0.4265402843601889 0.3591558
 0.4519505233111268 0.2185016
 0.4853794246477999 0.4150431
 0.7435382981234455 0.3720952
 -1.20060613125073 0.4610265
 0.1886347559537973 0.4870743
 1.714081656945599 0.6030362
 -1.124516809183563 0.3915726
 0.8960150907804825 0.348601
 -0.1162655505173916 0.2347223
 -1.619291705498603 0.3405155
 -1.053005205868434 0.3243579
 0.05978715771853566 0.3562306
 -0.4491194894220488 0.2913164
 -1.471810089020765 0.2938277
 0.8237431859479185 0.3385135
 0.5303121610220535 0.2821799
 0.3699725504236639 0.2234834
 1.114404267931253 0.3363176
 0.12912313651837 0.189715
 0.3865073787772292 0.3650955
 -0.3377984857309168 0.2159618
 0.04699800258489749 0.2862284
 0.03522367030644727 0.2399749
 -0.6220657276995318 0.3673566
 1.043395778989798 0.3476834
 -0.1178133836003703 0.2492234
 -0.1182312603452286 0.5071624
 -0.2128414331323077 0.2307176
 0.617577197149639 0.2389141
 0.573233504913424 0.3282021
 -0.6771745475773643 0.2561795
 -0.211565585331444 0.3390585
 1.66646968443446 0.5522916999999999
 -0.1634177658456876 0.4362026
 -0.08168028004668307 0.3649961
 1.097489784004667 0.3248646
 -0.5204718945176829 0.2515878
 0.5953075755807227 0.2668554
 1.813077552930181 0.3570165
 0.1377726750861132 0.351503
 1.3194125745755 0.2888752
 0.04547521600728315 0.3695325
 -0.3509566398732054 0.1944349
 -0.690826727066817 0.2577276
 -0.5139920045688211 0.2965004
 0.7079241836035677 0.3475645
 -0.07936507936508774 0.7601998999999999
 -1.221461187214604 0.3378337
 0.1948647409445228 0.4186711
 -0.2822944896115628 0.250913
 -0.06775832862789641 0.2202427
 -0.3762398814274294 0.3040632
 -0.2397807718657156 0.4275854
 -1.094974642692488 0.3770992
 -0.126146788990825 0.3405064
 0.4192159528665197 0.2907703
 0.5368527010401566 0.2485508
 0.7952508960573406 0.242322
 0.5445049449938983 0.3364316
 0.1871422280933528 0.3790328
 -0.8840755884628105 0.3516462
 -0.7551360355358053 0.2210664
 -0.6937451046212426 0.2355595
 0.1693575702833981 0.2031753
 -1.172095120027055 0.1971984
 -0.5463236967903528 0.238202
 -0.6087056391409061 0.2756719
 1.04778353483018 0.250136
 1.345755693581782 0.2024929
 1.143641354071363 0.1982273
 -1.067535678166073 0.2443655
 -0.6676473916487534 0.253941
 -0.329770297930398 0.3875817
 -5.595646516029817 2.8773495
 -1.173679610438254 2.2336947
 0.5016932145992619 1.0001531
 1.847031114416753 0.8287143
 -2.122699386503073 0.6416969
 1.344324667089413 0.5379316
 -0.628693574751666 0.6379212
 -1.448727639203819 0.5184719999999999
 1.57349366764744 0.4005839
 0.1521105336544613 0.4317978
 -1.168402336804676 0.5903977
 -2.788739805314378 1.3186651
 -0.3973147006439129 0.7564774999999999
 1.556590049461751 0.8894183999999999
 -3.463083529574734 0.7711116
 0.4766577877470958 0.6462325
 0.8587257617728397 0.6812028999999999
 -0.1655172413793166 0.4970497
 -1.04384133611691 0.5091492
 -0.1150747986191 0.6554224
 0.3273555365784084 0.4992523
 -0.2961500493583328 0.3965241
 0.5024404249210573 0.3617468
 1.171489061397336 0.374782
 -3.1496062992126 0.3365099
 0.6834686031610276 0.5931105999999999
 -0.7513467536149718 0.5351253
 -0.5427796029138833 0.3478289
 -0.1996292599458157 0.3718221
 0.8142857142857045 0.3350086
 -0.4534504747059561 0.423594
 -0.6987024098103449 0.8595311
 -0.4863395794593097 0.3534127
 1.299270072992702 0.3552562
 -0.533218042945676 0.3136043
 -0.309597523219805 0.5868991
 -0.1764965436093401 0.5658957
 -1.613619541080686 0.5698147
 1.092896174863386 0.5135991999999999
 2.230483271375465 0.6420680999999999
 1.034533003059898 0.6170198
 3.051094890510954 0.4246884
 0.8371169125993037 0.4801678
 0.3513209668353007 0.4559719
 -0.1390820584144764 0.534457
 1.785216178521619 0.4290212
 0.06845564074479348 0.4365933
 -0.08192244675039331 0.3835942
 -0.05492242207880275 0.3656897
 -2.149056343849018 0.4982936
 1.526610644257688 0.503483
 -0.7578889348215477 0.4307073
 -1.576763485477179 0.4429683
 0.6313131313131353 0.4180149
 -1.317980022197562 0.30373
 1.497341169885261 0.4232483
 0.4248903508771961 0.4616135
 0.1228501228501081 0.3369486
 -0.613496932515322 0.3903271
 2.779299014238755 0.5493519
 0.6266666666666652 0.4434197
 -0.2911593435680239 0.5583992999999999
 1.700318809776835 0.5775395
 0.9138381201044423 0.7972741999999999
 -5.879285621170631 2.4585819
 -1.962722394803708 2.0823783
 -0.3617421501953408 1.3597128
 -0.6383287393007572 1.0079221
 2.333088774761539 0.8856512
 1.558033161806752 1.079984
 0.127968150149301 0.6102001
 -0.6958250497017821 0.5043837999999999
 2.096496266513489 0.472217
 -1.10877192982457 0.4147754
 1.1700028192839 0.3806222
 -0.6438969764837539 0.269978
 -0.4364353090243591 0.4260768
 -0.2828054298642574 0.4009234
 0.01424907381018938 0.3553367
 0.4285714285714245 0.3062
 -0.02865329512893413 0.1836486
 0.05719187875322598 0.4659977
 1.2254203476774 0.756574
 -1.24118476727787 0.6277425
 -1.270521056388295 0.7004159999999999
 1.378320172290012 0.9637808
 0.05688282138794974 0.6360496999999999
 -1.361616740719511 0.6904669
 -0.3937582032958962 0.8222417999999999
 -0.4986799647990663 0.5674564
 -2.137518684603897 0.8247021999999999
 -2.206665652107729 0.8945451999999999
 -0.3541730828457099 0.6709366
 1.151189562547966 0.5979223
 -1.50341685649202 0.5475589
 -1.656859708888201 1.090574
 -1.045568039950065 0.4562964
 0.3757044458359455 0.5373458999999999
 0.2487175501321259 0.359862
 0.2491047796979551 0.2173337
 0.1864512119328846 0.3165008
 0.1389961389961443 0.4144761
 -0.448014830835789 0.346525
 0.8106001558846391 0.412008
 1.851270787574521 0.8360113
 0.5216324025774611 0.8300388
 6.58589624106867 1.532375
 3.63153232949514 2.2002867
 -1.888613178935766 2.2250566
 -2.643356643356644 1.3728496
 2.361411087113032 1.3715242
 -1.271660145332583 1.0930188
 -0.9685569904547976 0.8272577999999999
 0.9274018258223453 0.9855516999999999
 -0.5698817495369589 0.7189795999999999
 -0.1449275362318758 0.947873
 0.8125362739408042 0.5192738
 0.5817253121452846 0.465779
 -1.663612011842671 0.4980669
 2.842857142857135 0.5045324
 -1.444645089595766 0.6872962
 -2.970297029702964 0.7055142
 1.235987352687553 0.8162893
 2.247032221594105 0.8274918
 -1.632026781977963 0.5869761
 0.3792667509481613 0.5277841999999999
 0.2791736460078208 0.5794599
 -3.636616970879197 0.6684789999999999
 -1.261737089201877 0.6370994999999999
 -3.760657734470167 1.2764303
 6.753154433979024 2.6386678
 4.633982538616518 1.0277358
 -1.064675035754015 0.6061082
 0.731668522347703 0.5472734
 1.347328842237192 0.4541018
 -0.5080831408775955 0.3700074
 0.4972804972805088 0.5580969
 1.061048746732274 0.6220645
 0.6854531607006681 0.6104379
 3.070108446616779 0.582282
 -0.6113016251677302 0.3390131
 -0.2245172878311715 0.3330316
 -0.2411091018685904 0.4575103
 0.405831955508787 0.5529261
 -0.07483909594371674 0.4164578
 2.578625726635847 0.6628545
 0.1746979181831483 0.4169382
 1.919132727805432 0.4981448
 -1.447596988998263 0.3643227
 0.2628888564334845 0.4606395
 -0.01453488372091701 0.4402095
 1.221791001868634 0.6475702999999999
 0.7691212078051649 0.4452108
 0.6096696441230577 0.3132886
 0.9174311926605585 0.7504915999999999
 1.062194269741447 0.6164463999999999
 -0.4539826661163823 0.9707443
 -0.05541701302300672 0.4416234
 1.026637069922302 0.6396356999999999
 -2.496551724137934 0.6445643999999999
 -0.1141389641888975 0.5000686
 2.67515923566879 0.5357514999999999
 0.04156275976723043 0.4391922
 -0.6471155170039913 0.3996402
 0.5683393401718833 0.4187085
 1.318711826762894 0.343536
 0.1361285053090233 0.6324919
 -0.356261989586195 0.4594299
 1.649031194173427 0.4151423
 -1.379683484377127 0.4121313
 0.2451314176766888 0.2665617
 -0.4754142895952302 0.5908917
