# Created by Octave 4.0.0, Mon Apr 09 11:25:47 2018 MST <gesposito@rabbit>
# name: t2_wmt
# type: matrix
# rows: 755
# columns: 2
 0 0.3923559
 -0.2597081375216346 0.5480617999999999
 -0.1368159203980092 0.4698111
 -0.1743679163034009 0.5531712
 -1.04244229337305 0.6200361
 -0.3270440251572391 0.8015087999999999
 -1.342791993919435 1.1822777
 -0.3189182293659906 0.8847615999999999
 -0.7378196158249565 0.6200236
 0.9005531969638528 0.7594683
 1.020668537892334 0.7468851
 0.5794910556815419 0.6867845
 -0.501441644728584 0.6449809
 -0.4530581424616152 0.4895876
 -1.041931385006363 0.7108407
 0.2826673519208517 0.8795902999999999
 0.5115089514066388 0.5000017
 0.2532286654849365 0.666921
 -1.113783065434767 0.5855414
 -0.3465092402464015 0.5480054999999999
 0.3859513701273602 0.5538289
 -0.08905852417301932 0.5347396
 -0.280898876404493 0.3744882
 1.204819277108431 0.8448962999999999
 -1.288204091942422 0.8421166999999999
 0.4465994640806358 0.6170245999999999
 0.6733578960741979 0.6617173
 0.6929570366637232 0.8300267
 -2.238424149398823 2.2458581
 -0.7583682008368178 1.0541876
 0.4089709762533012 0.6756162
 -0.4461942257217892 0.6815006
 -1.148211693282289 1.0573616
 0.1598508059144859 0.6987068
 -0.3063807113360727 0.5025471
 -0.7350975674953184 0.6375067
 0.05355469272995884 0.5646036999999999
 -0.01341561577677102 0.5797833999999999
 0.2543507362784441 0.6093824999999999
 -0.4163309159279991 0.8982797
 -1.496561952271807 1.0635085
 -1.116709791638305 0.9592957999999999
 -0.3163686382393452 0.8335572
 0.302571860816962 1.1215817
 -0.3960125631571845 0.7419958999999999
 -0.4261754193016059 0.7246589
 -0.3739612188365596 0.7566777
 0.1800055386319516 0.6215625
 0.1376841525540528 0.5703861
 0.3299422601044942 0.8376621
 -0.08241758241758554 1.4550688
 -0.2603453000822112 0.6489463
 -0.4390176979009568 0.7876314999999999
 -0.2480705622932839 0.7338351
 -0.8143547273982104 0.5293150999999999
 0.2223457476375915 0.6897822
 -0.5292479108635034 0.8187835999999999
 -1.22545606461495 1.1102559
 0.3910614525139681 1.0773904
 -0.2221605109691705 0.6586071
 1.611095544970588 1.0536477
 1.555188549408216 1.2421297
 -0.3274215552523805 0.7790963
 -1.208090131668251 0.8695824
 0.05473453749316674 0.5579322999999999
 0.5033328798802752 0.6084497999999999
 -0.2568261692349252 0.5518153
 0.08153281695882902 0.4566724
 -0.1892659186156558 0.5231726999999999
 -0.4746406292378551 0.5680568
 -0.3408316291751875 0.5085621
 -0.4924760601915178 0.6441070999999999
 0.5221214619400871 0.6961550999999999
 -0.7663883946900071 0.4252929
 -1.309802840204057 0.5951117
 0 0.6197583999999999
 0.7968684468055267 0.8592295999999999
 -0.02768166089964847 0.493967
 0.1804803554074628 0.460453
 -0.6350082827167225 0.7928371
 0.4732739420935459 0.5131844999999999
 -0.234741784037561 0.5873370999999999
 1.547175024174616 0.8715807
 -0.7634628493524037 0.6367735
 -2.007976894512438 0.7797472999999999
 -0.0279720279720224 0.6020087
 0.9543859649122903 0.6829195
 1.467915559904931 0.8903055999999999
 -0.4005524861878539 0.7652355
 0.1106500691562909 0.5912505
 0.1113740776834168 0.7604423
 -0.7428571428571372 2.1314976
 -0.435603310585177 1.6333364
 0.514101057579331 0.9849709
 -2.017375938742439 1.5681327
 0.3294634452463145 2.2050214
 -3.590527119938887 1.4595099
 0.9341429238673429 1.3903655
 1.163502755664429 1.3743197
 -1.740051444999252 1.429981
 -0.1388460351743123 0.8169067999999999
 0.03134796238245004 1.3374024
 -0.2322340919647092 0.9440451
 0.2163164400494447 0.8489593
 -0.2809427189011903 0.9181201
 1.76299248811895 1.7632613
 -2.602452886628769 0.9428763999999999
 0.07803964413924047 1.4518272
 0.7323153630414441 0.8044526999999999
 -0.5723124516628068 0.6903526999999999
 -0.2481389578163939 0.6807428999999999
 0.1393188854489217 0.5624163999999999
 -0.3554868624420464 0.7050309
 -0.6431372549019554 1.2843638
 -0.04705882352941355 0.7117576
 0.5693499920923716 0.8606592
 0 0.5856724
 0.7417929292929275 0.6913018
 -0.4526299360074795 0.7157639
 0.09433962264150184 0.9262678999999999
 0.04705882352941355 0.7631148999999999
 0.6363495266180297 0.7907664
 -0.7566399011735778 0.7772085999999999
 1.913425345043924 0.7050708
 1.012114706333401 0.6107549999999999
 0.2136100091547155 0.731525
 0.789793438639119 0.7137243
 0.9814283557300187 0.59405
 -0.3734687780101584 0.6659136999999999
 0.389980500974959 0.5641765
 0.1651155809066338 0.8805687
 -9.878396637141568 8.062637
 -0.619765494137361 4.5769175
 -0.9752816546157698 2.5874873
 0.1020581731587043 1.7692482
 -0.1868841318382593 1.0416379
 -0.2721088435374092 1.3121933
 -0.06786562606039896 1.4569923
 -1.503632370332828 1.3030669
 -0.6506849315068415 1.0828025
 -0.9136355800724033 1.0501614
 -0.0346860908775512 1.1821205
 0.4158004158004193 1.2619478
 -0.8487787978520612 1.5777001
 0.5585617036131966 1.0714699
 0.9379885356956734 1.0230262
 -0.3584841242744979 1.0053692
 0.1709109553922431 0.8827459999999999
 -0.2376103190767151 0.9969273
 -0.01709401709401369 0.8429842
 0.634539530097749 0.7598579
 -1.572649572649576 0.8673183
 -1.197085357390697 0.9436603
 -0.5639760310186822 1.249704
 2.624578826032979 1.3232149
 0.977418267610378 2.4636905
 1.482345103264491 1.4748472
 -0.6871727748691011 1.1486699
 -1.492292554936039 1.2225158
 -0.04975949577044475 1.0572404
 -0.0500417014178501 1.2417331
 0.4000000000000033 0.7821028
 -0.909993381866309 0.5340239999999999
 -1.720394187406037 1.3792313
 -0.2367664468121098 1.2195492
 -0.4436103054086299 1.3532618
 0.5963537229511015 1.5844091
 1.033022861981371 1.0435274
 1.561188517710256 1.1595928
 -0.7657732645247226 1.037762
 -0.2193722578467693 0.8981981999999999
 0.727211229494334 1.1359446
 0.5249788314987337 0.9744976999999999
 1.838111298482299 1.4491235
 -1.649076517150396 1.4615439
 0.3160871735152183 0.9960479
 -2.237692690203881 1.2976095
 -0.1357542847446093 1.6256725
 1.241074464467863 0.9645450999999999
 1.254390366281987 0.9266299
 0.147540983606563 0.7519834
 0.08226390259953464 0.2483121
 0.2806206668867641 0.5421661999999999
 0.9999999999999991 0.7883635
 0.03243593902043972 0.5716745
 -0.0489157019403247 0.6575141999999999
 1.586776859504134 1.1926062
 1.43478961792681 1.3325958
 1.712548015364917 1.656462
 3.271399078926476 2.6430005
 -2.366318377381683 1.7767864
 0.7214554579673791 1.2653762
 -1.180490835663246 1.2195893
 -2.840106700141213 1.3672904
 1.709677419354842 1.2885473
 0.6173842404549189 1.5123957
 0.4979919678714896 1.2357179
 -1.553398058252417 1.7323116
 1.475893735651042 1.2056694
 0.4003843689942345 0.9172062
 1.067218859509401 1.2771089
 1.010101010101011 0.9176958
 -0.2340093603744017 1.0167482
 0.2967359050445069 1.1260757
 2.486486486486486 1.6298375
 2.4123805188894 1.4517677
 -0.653789004457649 1.3545337
 -1.545089882632605 1.2288808
 1.003649635036491 1.2789931
 0.2093927609931208 1.4122092
 0.6015037593985048 1.8905952
 0.4886242174377881 1.4184327
 -0.6043208943949109 0.9699656999999999
 0.4613964933866459 1.1122686
 1.007326007326024 0.9634056999999999
 -1.06590602011709 1.0671525
 0.01512859304085494 1.2380433
 0.5961719485409517 2.7867466
 1.205196431366405 1.5430913
 1.031403940886702 1.035176
 0.9720534629404625 1.1378334
 1.405046079468208 0.9852379999999999
 0.8747220163083815 0.9573562999999999
 -2.306110458284361 1.0973655
 -0.435239381659901 0.9303973
 -0.2850712678169721 1.0427175
 0 0.9163207999999999
 0.288097043214553 1.1844381
 0.9676443906864236 0.986355
 1.906334434103867 1.2821108
 0.4576996899453746 0.9990165999999999
 -0.3835373948960099 0.7824571
 -0.2072538860103635 0.9661997
 -0.8853474988933072 0.8289188
 0.3127326880119043 0.6710883999999999
 1.626865671641796 0.7566895
 0.07359434795407295 0.8214505
 -0.5455617811854768 1.1831599
 -0.785417901600476 2.2927319
 1.402357153513349 0.9401758
 -0.1911764705882286 0.7497606
 -0.8087046022643896 0.6092808
 0.8453210737060555 0.6301597999999999
 0.279699690858233 0.559839
 -0.176082171680124 0.6490045999999999
 0.6878384311429809 0.7204058999999999
