# Created by Octave 4.0.0, Mon Apr 09 11:25:56 2018 MST <gesposito@rabbit>
# name: t2_xom
# type: matrix
# rows: 755
# columns: 2
 0.7738095238095306 0.13281833
 0.2225606184842424 0.13372433
 -0.6750465549348211 0.09880506999999999
 1.203271028037385 0.15693825
 1.07872389258664 0.15332834
 -0.170687300864806 0.09570809000000001
 -0.2409915079182852 0.1443013
 0.1262481349707327 0.11593561
 -0.5722133211261159 0.1010046
 0.482536764705868 0.08663587
 0.2060439560439639 0.09866129
 -0.2523225140497751 0.08405737000000001
 -0.4576135453609329 0.10534606
 0.6649850951616582 0.09633764
 0.4228571428571481 0.12534119
 -1.466110296605387 0.1394773
 1.138303927148549 0.12257076
 -0.3466785953925322 0.10343675
 -1.511614982772034 0.11895027
 -1.628555493586177 0.1127345
 -0.454545454545461 0.09992451000000001
 0.5877698654911225 0.11390293
 -1.976731051620919 0.11997787
 0.1496144550581142 0.09788887
 -0.824931255728688 0.08629433
 0.04601403428044638 0.08791275
 0.6336405529953885 0.08422209
 -0.5268583209254472 0.06395354
 0.6013646351335677 0.09777078
 -0.2975168783613745 0.07276571
 -0.08020164986251992 0.08357353000000001
 -0.5402919875847786 0.07598431999999999
 -0.8019525801952719 0.11288963
 -0.2227432590855776 0.10778275
 0 0.08038943
 0.1175088131609971 0.14631316
 -0.1407624633431138 0.09077512
 0.02349624060149908 0.09328322
 -0.3285228206030754 0.0817954
 -0.5667060212514805 0.12607257
 0.1782954950671647 0.11388508
 0.7959135186504959 0.12244688
 -0.8324539805370007 0.08105514
 -0.7339235787511762 0.10147049
 -0.2461899179366867 0.07759265
 -0.6620950579333202 0.08347341
 0.2274631868789629 0.09563933000000001
 1.038062283737029 0.09100116
 -0.3528166529460157 0.09090187999999999
 0.8018867924528383 0.10247825
 0.3414978803579746 0.16129576
 -0.2576414100011697 0.09465144
 -0.1760150199483756 0.1022391
 -0.2473789610083564 0.11800118
 -1.08426635238655 0.10259382
 0.03578671120124196 0.19023328
 -0.2769416014449175 0.11739236
 -0.6448531167900551 0.14981145
 -1.09269932756964 0.13529076
 0.4227563715424499 0.09187997000000001
 0.133462751759281 0.11694425
 0.8273512592772927 0.15641535
 -0.340425531914895 0.10056994
 -1.532520815735502 0.11980543
 0.1583627725666895 0.08628659
 0.3775423212763394 0.08026658
 0.8861374119932072 0.09310155000000001
 0.1815760803776851 0.09289210000000001
 -0.3245972589564922 0.08267647
 0.1211974306144641 0.12156
 -0.4747413268411449 0.1295706
 -0.329549615525461 0.08677069
 -0.6800242865816492 0.13181463
 -0.7218891471919777 0.10496096
 -1.50320354854608 0.14888464
 0.037864445285878 0.14996094
 3.488080301129236 0.19777278
 1.168167437332677 0.13913768
 -0.2043760519355635 0.11139943
 -3.012121954205961 0.26232661
 -0.8132147395171544 0.15767743
 -0.9116589625064122 0.18874419
 -0.8989341209708525 0.16544386
 1.494671172342092 0.13005213
 -0.9284332688587993 0.12187623
 2.153327279802823 0.14876012
 0.6232956758862351 0.14486353
 1.743285123966953 0.1690919
 0.4213483146067576 0.13154102
 -0.3560528992878956 0.09129284
 1.077890414474515 0.09365433000000001
 -0.8022411817139888 0.09815315000000001
 -1.651399819378146 0.17010104
 -1.88157894736843 0.17784444
 -2.658569500674762 0.25448602
 1.073687306956911 0.35277118
 -3.646052447062135 0.30139886
 2.647600169899483 0.34355008
 1.422764227642273 0.24207807
 0.4818632043903085 0.18983082
 1.292407108239087 0.19543724
 -1.664392905866301 0.23944346
 0.2326854640021923 0.16931092
 0.2036936447582913 0.13436068
 -0.644453585630074 0.1487437
 -0.2984264785675514 0.13471576
 -3.186768858410655 0.17108946
 -0.398296937233905 0.1232734
 0.4005524861878343 0.12131872
 0.2489282256949144 0.10731435
 0.5797901711761482 0.11911594
 1.074683716501145 0.15170493
 0.06719526945302669 0.15396873
 -0.7917007917007893 0.23102072
 0.3967168262653984 0.10585842
 0.5390463026952323 0.14105158
 -0.7822149032523774 0.13778927
 1.013888888888894 0.14462651
 -0.08186655751125975 0.15167979
 -0.02754062241808073 0.14492359
 0.4404679972470656 0.13746411
 1.294277929155298 0.18076936
 -1.515957446808511 0.14279073
 3.392832811009668 0.18425513
 0.2087410306588344 0.18367485
 1.208419958419967 0.18578681
 0.2912498417120476 0.18671021
 0.9078300340436248 0.13969342
 -0.9868831980012394 0.17294193
 -0.3643673828370477 0.09905596
 0.5589430894308914 0.12288671
 1.506901354944913 0.14265115
 1.608679386457172 0.13630579
 0.2674446875759772 0.13255198
 -1.243750762102195 0.13831031
 0.3476101800124161 0.12326
 -0.8038585209003286 0.10275061
 2.739216658403562 0.14626257
 0.69166363305425 0.1298005
 -1.575375666505086 0.12068619
 0.6454015142112577 0.13480347
 1.192965194932971 0.12232098
 0.5379630761706782 0.10207466
 0.3273917788286602 0.18716888
 3.620899149453225 0.21187983
 1.389213168339946 0.19970522
 -0.910452921516644 0.14193494
 -0.8649912331969548 0.12274338
 0.6433933039437532 0.11925001
 -1.926759214935375 0.13489001
 0.5126327352617935 0.14188065
 -0.9706381946129546 0.09489572
 -1.439741839394312 0.15912197
 -1.488395560040372 0.17247231
 3.797793174236602 0.14356022
 -0.9292528806839302 0.10000933
 1.063962949054943 0.10856574
 -0.2608371630853409 0.09452451000000001
 -0.9681022713168511 0.10131398
 0.8542713567839283 0.11867395
 1.904169259489734 0.15051389
 -0.06150061500614657 0.08980425
 0.8066517746339112 0.04155645
 0.2947678703021308 0.17101866
 0.1590019569471569 0.13915698
 -2.164555405239214 0.15996126
 -1.643251379829406 0.14870252
 1.952165481577253 0.20156434
 -0.6853743695848974 0.17676103
 -0.8502723528630272 0.242176
 1.055585248530187 0.22036336
 -0.1451187335092341 0.20142376
 -0.6415396952686311 0.20473141
 2.328398384925981 0.21832065
 2.582978173834431 0.24366833
 0.1391700404858292 0.17233853
 -1.341432548721845 0.17362915
 -0.3738558721154983 0.28835969
 -0.6813215066203897 0.1446045
 -0.06435006435006069 0.13855761
 1.919166243009648 0.15184195
 -1.171047713965364 0.05848311
 0.7936507936507813 0.09715843
 -1.037629703712962 0.08838979000000001
 -0.2681307456588276 0.09314646
 0.5676686879112343 0.10285519
 -0.05161290322581452 0.20342482
 1.204819277108443 0.119935
 1.082985386221292 0.188269
 0.2235077570339228 0.21263761
 -2.174197773411914 0.19033628
 -1.759765364618061 0.21352955
 1.457096600107931 0.2186413
 -0.2636783124587853 0.25878821
 3.818396535887694 0.33712212
 1.637626097209485 0.2815076
 -1.963300397792892 0.2253375
 -2.517650193153039 0.33300754
 1.284855112083103 0.22254821
 0.1962836953676936 0.22269444
 -2.336633663366332 0.165056
 2.581249164103259 0.18677801
 -0.9342105263157813 0.17992133
 -0.4654169360051706 0.16153486
 1.459663756027617 0.24882543
 -0.4826506652752288 0.16713226
 0.5391562205149019 0.21309838
 3.905732821395476 0.25837269
 1.59073555612115 0.23553268
 0.8564231738035172 0.26606048
 2.345523329129886 0.26549284
 0.1250312578144465 0.1811732
 -0.5265137269650266 0.16610943
 1.608373755425058 0.19164592
 1.18631368631369 0.16771805
 -0.5875152998776059 0.15754816
 0.4286589099816219 0.16833562
 -0.5428226779252145 0.14839403
 0.3771748387881765 0.13589721
 -0.9854584785482432 0.14558456
 -0.9269423100377985 0.10891492
 2.014766612438994 0.13752454
 0.5517410495340889 0.13692402
 -1.375316684762939 0.14314498
 -2.112848070346836 0.18400874
 0.8937437934458774 0.157193
 2.161828289067325 0.14079463
 -0.3145414952818666 0.13212857
 -0.4476167432857372 0.18373045
 2.612076296926244 0.1892408
 -1.630952380952386 0.13698111
 -0.9853400624849714 0.1412856
 -0.2911914583838812 0.15879278
 -1.237683249218939 0.1535527
 1.14138438880706 0.13342498
 1.495098039215685 0.09213045
 -0.1806793543724301 0.11437779
 0.5019120458890863 0.13517985
 -0.4610474051306307 0.19621538
 -0.2624045801526704 0.08366589000000001
 1.251805488685612 0.12899372
 -0.1311709992845211 0.12577211
 1.253918495297813 0.09367172
 0.2261097227180742 0.07485235
 1.027847496115692 0.09976641
 -0.5997883100082384 0.10801311
 -0.5709527774473532 0.13815957
 0.6796116504854224 0.12206343
 0.1203948952564343 0.07975346999999999
