# Created by Octave 4.0.0, Fri Apr 06 11:50:53 2018 MST <gesposito@rabbit>
# name: spx_ta
# type: matrix
# rows: 48
# columns: 1
 5.599999999999909
 -6.360000000000127
 -7.1899999999996
 -7.489999999999782
 17.38000000000011
 -21.01000000000022
 9.300000000000182
 22.07999999999993
 29.49000000000024
 -34.62000000000035
 -31.26000000000022
 17.01000000000022
 4.960000000000036
 20.36000000000013
 -4.880000000000109
 20.12000000000035
 13.07000000000016
 11.95999999999958
 18.42000000000007
 13.2199999999998
 6.050000000000182
 -16.73000000000002
 -8.180000000000291
 2.370000000000346
 18.82000000000016
 31.15000000000009
 -9.980000000000018
 -2.299999999999727
 -2.389999999999873
 16.32999999999993
 -5.309999999999945
 -12.00999999999976
 -23.77999999999975
 1.019999999999982
 3.849999999999909
 -29.61000000000013
 -0.8500000000003638
 12.85000000000036
 -25.72000000000025
 -21.17000000000007
 -2.059999999999945
 5.069999999999709
 -1.160000000000309
 20.98000000000002
 -52.83999999999969
 -4.269999999999982
 22.90000000000009
 14.42000000000007


