# Created by Octave 4.0.0, Fri Apr 06 11:46:51 2018 MST <gesposito@rabbit>
# name: X
# type: matrix
# rows: 48
# columns: 10
 -0.01945502994183537 0.007273391812865531 -0.005271920088790301 -0.002500665070497467 -0.001842170349586008 -0.01264167393199663 0.01468624833110817 -0.002930024129610508 -0.001460011896393285 -0.002032749858836732
 -0.002848837209302378 0.007212591863564172 0.007748700816629489 0.01198402130492676 0.0006467644756101635 0.03513848697809003 0.005743944636678287 0.005358686257562579 0.01009450171821303 0.004061371841155228
 -0.0129290079924776 0.006031876694247719 -0.007782638728989167 -0.01467549668874178 -0.000764993880049037 0.007661290322580553 -0.008077321366931222 0.001551456645406023 -0.01282320790414125 -0.006547014335703785
 0.008729799123999354 0.02469408553489589 -0.002605014653207435 -0.002681971099522834 -0.003545036520726367 -0.01394502829426026 -0.006764295676429559 -0.003635419371591809 -0.006002143622722425 -0.008681745487777073
 0.003355905794930199 -0.0002825053400398639 -0.002837341271687119 -0.007856877422094909 -0.0005381993387835685 -0.02214097095267106 -0.03072175071894505 0.0001729355814958584 0.01344000000000005 0.008548983364140421
 0.003678999790626083 -0.03806228373702422 0.01286773276143406 0.02587397726065245 0.004378080353687089 -0.0009434951252752219 0.01810514069657536 0.009501597996026678 -0.005591307099905064 0.01794285714285707
 -0.03313253012048193 -0.03211068167511628 -0.03256846780162839 -0.009164757342220324 -0.009001782531194215 -0.02472527472527476 -0.009638900877571596 -0.01897158554382345 -0.01986330627936779 -0.007048044167743385
 -0.01640477686989306 -0.008997447633713972 -0.04228916248965885 -0.03033220991815126 -0.03190904089492019 -0.03948220064724915 -0.04532142334163147 -0.03716814159292038 -0.02826855123674914 -0.04274735830931799
 0.05296131240715616 0.05977406607612407 0.04188454568987835 0.03774430195441569 0.05200646430031722 0.02021808268968635 0.01399892315975711 0.04922788956481054 0.05109909080446539 -0.002037956948159608
 -0.02173713094398636 -0.02223602484472052 -0.008069306930693047 -0.0215585120825414 -0.03047506333561407 0.0139075818752805 -0.003563575707028576 0.01183325862841782 -0.0097248314730909 -0.01912289648138705
 -0.03206687878220717 -0.05537971916694351 -0.04466736537405808 -0.05209656925031755 -0.051060725215793 -0.05587455830388695 -0.03475670307845082 -0.04623817522765453 -0.05239103778842926 -0.0176911157024794
 -0.004201948175972475 -0.02467436967142105 0.001737530662305823 0.007724879835202694 0.02018186286556891 0.01034482758620696 0.01576223337515688 0.008615948670944198 0.02178447276940915 -0.006163934426229493
 0.02656151419558365 0.01579869125869254 0.001914261246284799 -0.003671071953010311 0.003759541984732876 0.01540203850509626 0.002076923076923156 0.005127282540253604 0.004451456584211371 -0.008176508760545043
 0.01475764124729864 0.02062153211201138 0.002075108816681833 -0.01406445735109896 0.006794258373205655 -0.002915451895043789 0.005804504295333178 0.00997125404240041 0.01012031935229946 0.002628120893561141
 0.0265264190867553 0.03185777777777775 0.01776289078359724 0.03499567598731636 0.01978168644835311 0.02972543680508287 0.001776885043263209 0.02130870993518606 0.02598576432041574 0.008840216387386033
 0.01884681076624075 -0.003497194745345669 0.00751062357940513 -0.002991689750692477 0.009684265154253243 0.0008718395815169823 0.008685626441199043 -0.001987212718161308 0.01589737967328147 -0.005351083268076361
 0.000406126711533959 -0.005955934320042156 -0.0009804402176578119 -0.009106654003016903 0.005870949366506989 -0.005565862708719753 0.01672266340867438 0.001134875600174681 -0.004867495943753411 0.005121470781352601
 -0.0011624527753561 0.01511244460729068 -0.00142618274810658 0.00136542072025932 0.01090255554434846 0.0189177298724153 -0.01505230676601189 0.0005233318796335635 0.0136102760317027 -0.009415457041977231
 -0.01018341723080495 -0.001400673400673352 -0.007308641975308591 0.006790787165412193 0.004401384583404783 -0.01564173987572325 -0.006804281345565861 0.001652173913043458 -0.01602495160249526 -0.0122658929042468
 0.004074505238649526 -0.00670072758399314 -0.004167286798630766 0.001622831561275996 -0.00856485007032848 -0.0073688773298657 -0.001460415065334341 -0.004502164502164467 -0.003476371537207965 0.007436918990703882
 0.01053722577301787 0.003116348121497507 0.006802721088435397 0.01884380211228453 0.01271750071901052 0.02999568407423378 0.01483588285033444 0.01734454947532738 0.004914529914529999 0.01892495728742276
 0.01485681882619793 0.008448184468592631 0.01400991767367963 0.001896196771047753 0.01414257847136021 0.01887966804979246 0.002733277655455054 0.005332656170644959 0.01080508474576267 0.01414972986879352
 -0.003964265773311044 -0.008212528697933737 -0.01103773584905662 -0.01621035510978575 -0.0201097052329046 0.01093781648774558 -0.004084411164057336 -0.01303506853923133 -0.01608523083350734 -0.0189873417721519
 -0.006359477853397224 -0.004646234641430425 -0.01800947867298584 -0.02183214481623707 -0.01629520137485192 -0.0177361498605022 -0.01568776051534667 -0.01969105415039886 -0.01128215942640244 -0.03096212896622316
 -0.01982748963817628 -0.01331263213530647 -0.02557779711826706 -0.0171498798949779 -0.03461597479848711 -0.03353535353535347 -0.01417396018898623 -0.01775199168687216 -0.012128949888286 -0.004369124851052539
 0.01973379629629627 0.02120345789939425 0.006800680068006869 0.01921634254717533 0.02453754700497602 0.03771186440677953 0.0150500354581987 0.008274757540706402 0.01605153963747542 0.008812925624248853
 0.00918897323212137 0.01965547703180205 0.01823647294589186 0.02383654937570952 0.01468645943784062 0.02429483220094708 0.009018113970302392 0.0268630075858992 0.01407840589127136 0.0138242722318223
 -0.006969816199201895 0.002895903991651484 -0.00151322854632433 -0.01100231048520189 -0.003784501737595824 0.01096491228070184 -0.0136923076923077 -0.004150812867519923 -0.0108119567521731 -0.006391026477109624
 0.000514462101291891 0.01210596651206667 0.009636767976278809 0.02780575137070605 0.01877542026643657 0.022718214428059 0.01223721368057725 0.00861538461538465 0.007513954486904281 -0.009866666666666598
 0.008320036471392797 0.001199999999999935 0.004747454972592007 -0.006646328176073212 0.009575727145572629 -0.02027418420544501 0.02110879146369744 -0.003214316740509118 0.001697252572398545 -0.005100671140939536
 0.01135086536300282 0.009843300287815862 0.0289441894177338 0.007177423739872727 0.02116197183098588 0.01794421689096927 0.009735114330994043 0.01278421278421286 0.01311785077132962 -0.003475006682705038
 0.007931665649786493 0.003635564485746698 -0.00647279549718572 -0.002537385952599465 0.0005584912145036654 -0.006556112610875363 -0.008744394618834198 -0.002881355932203419 0.002797927461139855 0.004941899292106189
 -0.01434908812092669 -0.01719101957969255 -0.01673797545723825 -0.02009590000538774 -0.02720512820512814 -0.01408987052551413 0.004110612855007346 -0.01649746192893404 -0.02670103092783509 -0.01061993893535108
 -0.01042590949423245 -0.003757044458359424 -0.01620722433460074 0.008707557502738245 0.003737305821639675 -0.003841721091048844 -0.02159124519372978 -0.01381262868908716 -0.0133515559293525 -0.01393354769560566
 0.0008403361344538133 -0.007949843260188128 -0.002256469345623884 0.003383540711635039 -0.0003304462763923172 -0.02584721424468685 0.003847604677480127 -0.00543712781565556 0.006949641826152098 0.0009414929388030584
 -0.003526448362720377 -0.007433136505731145 -0.007671653241273467 0.003252208791804403 -0.01595127107629931 0 0.00390507659957953 0.000867001907404147 -0.0008449514152937527 0.01022054868208721
 -0.01139183397247903 -0.006175499990350723 -0.01392178662928407 -0.02513982260889209 -0.01802662476227896 0.001773748521876159 -0.02332208473940747 -0.004952215464813147 -0.009067633880947241 -0.01133333333333326
