# Created by Octave 4.0.0, Sat Apr 21 21:38:02 2018 MST <gesposito@rabbit>
# name: j_I
# type: matrix
# rows: 94
# columns: 3
 1 180 100
 1 182 100
 1 152 92
 1 140 82
 1 142 78
 1 150 95
 1 122 90
 1 144 98
 1 126 84
 1 134 82
 1 150 98
 1 160 110
 1 160 100
 1 154 98
 1 122 72
 1 140 102
 1 130 88
 1 152 110
 1 148 90
 1 150 106
 1 144 90
 1 138 80
 1 140 90
 1 140 80
 1 160 100
 1 170 80
 1 150 96
 1 142 86
 1 160 100
 1 180 100
 1 155 85
 1 130 80
 1 160 100
 1 174 98
 1 160 80
 1 160 90
 1 134 95
 1 134 100
 1 150 110
 1 122 86
 1 160 120
 1 160 80
 1 128 88
 1 172 88
 1 146 90
 1 124 82
 1 138 84
 1 135 95
 1 140 80
 1 120 80
 1 184 92
 1 152 98
 1 148 80
 1 170 110
 1 150 100
 1 140 98
 1 185 96
 1 160 90
 1 130 80
 1 168 88
 1 180 110
 1 130 100
 1 126 84
 1 134 84
 1 140 94
 1 130 80
 1 140 90
 1 180 102
 1 160 96
 1 150 90
 1 175 91
 1 162 80
 1 150 88
 1 140 98
 1 160 90
 1 178 92
 1 196 88
 1 142 90
 1 176 98
 1 142 82
 1 140 78
 1 156 98
 1 160 110
 1 158 104
 1 128 80
 1 162 78
 1 122 80
 1 150 90
 1 148 88
 1 150 80
 1 168 102
 1 168 70
 1 158 92
 1 140 82


