# Created by Octave 4.0.0, Sun Apr 22 21:00:28 2018 MST <gesposito@rabbit>
# name: t1_jM
# type: matrix
# rows: 21
# columns: 17
 2 -1 2 2 0 0 1 0 2 0 0 0 -1 1 -1 2 0
 0 -1 2 1 1 0 2 0 2 0 0 2 -1 0 -1 2 0
 2 -1 2 2 0 0 1 0 2 0 0 2 -1 1 -1 2 0
 2 -1 2 2 0 0 0 0 0 0 0 0 -1 1 -1 2 0
 2 -1 2 2 0 2 1 0 2 0 0 2 -1 1 -1 0 0
 2 -1 2 2 0 2 2 0 2 1 0 0 -1 1 -1 2 0
 2 -1 2 -1 0 0 2 0 2 -1 -1 2 -1 0 -1 2 0
 2 -1 2 2 0 0 -1 0 -1 1 0 2 -1 0 -1 2 0
 2 -1 2 1 2 0 0 0 0 2 0 2 -1 0 -1 2 2
 0 -1 2 1 0 2 1 0 2 0 0 0 -1 1 -1 0 0
 2 -1 2 1 2 0 2 0 2 0 0 2 -1 2 -1 2 0
 2 -1 2 1 1 2 1 0 2 0 0 2 -1 0 -1 0 0
 2 -1 1 1 0 0 0 0 0 1 0 2 -1 0 -1 2 0
 2 -1 2 1 -1 0 1 0 2 1 0 2 -1 0 -1 2 2
 2 -1 2 2 1 0 1 0 2 2 0 2 -1 0 -1 2 2
 2 -1 1 2 0 0 1 0 2 0 0 0 -1 0 -1 2 0
 2 -1 2 2 1 2 2 0 2 1 0 2 -1 0 -1 2 2
 2 -1 2 2 0 0 2 0 2 1 0 2 -1 1 -1 2 0
 2 -1 2 2 1 2 1 0 2 0 0 2 -1 1 -1 2 2
 -1 -1 -1 2 0 -1 -1 -1 -1 1 0 -1 -1 0 -1 2 -1
 -1 -1 2 -1 0 0 2 0 2 -1 -1 2 -1 1 -1 2 2


