# Created by Octave 4.0.0, Mon Apr 09 11:50:59 2018 MST <gesposito@rabbit>
# name: t1_y
# type: matrix
# rows: 755
# columns: 1
 -0.7100000000000364
 8.089999999999691
 1.529999999999745
 1.239999999999782
 7.940000000000055
 -2.179999999999836
 -18.61999999999989
 19.00999999999976
 -4.75
 5.199999999999818
 6.489999999999782
 4.949999999999818
 -3.769999999999982
 3.7800000000002
 -6.519999999999982
 -9.590000000000146
 9.809999999999945
 7.349999999999909
 -12.67000000000007
 -5.7800000000002
 6.489999999999782
 24.60999999999967
 -0.9699999999997999
 -3.449999999999818
 1.369999999999891
 13.45000000000027
 -3.5300000000002
 5.629999999999654
 0.1500000000000909
 -2.400000000000091
 6.409999999999854
 -1.900000000000091
 -19.44000000000005
 13.65000000000009
 -7.559999999999945
 -9.389999999999873
 -1.069999999999709
 -0.6299999999996544
 3.950000000000273
 -10.71000000000004
 0.02999999999974534
 -6.970000000000255
 2.819999999999709
 24.48000000000002
 3.590000000000146
 -12.56999999999971
 -7.340000000000146
 6.369999999999891
 -0.1600000000003092
 19.49000000000024
 -5.769999999999982
 13.46000000000004
 -0.7599999999997635
 -4.320000000000164
 3.630000000000109
 0.4200000000000728
 -20.57000000000016
 -0.3400000000001455
 7.510000000000218
 -3.150000000000091
 -2.210000000000036
 -12.61000000000013
 -24.32999999999993
 12.23999999999978
 24.57000000000016
 15.86999999999989
 8.650000000000091
 1.75
 10.79999999999973
 -4.7800000000002
 2.510000000000218
 -7.620000000000346
 -4.820000000000164
 -8.139999999999873
 -9.099999999999909
 -6.670000000000073
 12.46000000000004
 10.42000000000007
 -0.6000000000003638
 0.7200000000002547
 -2.679999999999836
 -0.7100000000000364
 9.630000000000109
 -21.80999999999995
 -11.2800000000002
 19.98000000000002
 -22.42999999999984
 -24.44000000000005
 0.3400000000001455
 3.230000000000018
 5.950000000000273
 -3.589999999999691
 -21.82000000000016
 -18.59999999999991
 -30.96000000000004
 -22.32000000000016
 37.85000000000014
 18.31999999999994
 33.99000000000001
 -4.519999999999982
 -6.269999999999982
 -36.98000000000002
 6.579999999999927
 15.23000000000002
 -23.55999999999995
 21.75
 -0.8300000000001546
 10.10000000000014
 -1.25
 -11.28999999999996
 13.94000000000005
 11.91000000000008
 0.8700000000001182
 -14.19000000000005
 7.790000000000191
 -25.40000000000009
 -7.519999999999982
 -17.1099999999999
 11.80999999999995
 -32.24000000000001
 5.179999999999836
 19.80999999999995
 -13.81000000000017
 -7.879999999999882
 22.25999999999999
 -11.54000000000019
 3.100000000000136
 0.9300000000000637
 1.190000000000055
 0.5699999999999363
 1.799999999999955
 -5.340000000000146
 2.509999999999991
 6.080000000000155
 1.220000000000027
 -1.2800000000002
 0.009999999999990905
 25.15999999999985
 7.2199999999998
 -5.909999999999854
 -5.550000000000182
 15.25999999999976
 -0.3899999999998727
 -2.510000000000218
 12.34999999999991
 6.619999999999891
 -8.639999999999873
 -1.769999999999982
 -7.819999999999709
 -26.40999999999985
 -1.090000000000146
 -1.609999999999673
 -11.25999999999976
 -8.790000000000191
 6.920000000000073
 10.4699999999998
 13.87000000000035
 -4.009999999999764
 8.319999999999709
 5.019999999999982
 -0.180000000000291
 1.809999999999945
 1.980000000000018
 -8.069999999999709
 9.330000000000382
 -6.789999999999964
 -8.550000000000182
 21.0300000000002
 -15.05999999999995
 -7.509999999999764
 -4.139999999999873
 6.819999999999936
 -25.37999999999988
 -9.829999999999927
 17.37000000000012
 3.019999999999982
 -19.84000000000015
 -20.41999999999985
 -0.1099999999999
 5.980000000000018
 15.18000000000006
 1.289999999999964
 -8.400000000000091
 12.57999999999993
 -6.120000000000346
 -3.240000000000236
 -40.8900000000001
 -1.910000000000082
 -15.98000000000002
 -20.56999999999994
 -2.620000000000118
 -2.4699999999998
 -0.4600000000000364
 -13.32999999999993
 19.5
 -42.22000000000003
 2.309999999999945
 -49.34000000000015
 21.42000000000007
 15.44999999999982
 -11.51999999999998
 18.49000000000001
 9.190000000000055
 -5.559999999999945
 26.27999999999997
 -3.320000000000164
 -24.11999999999989
 -13.83999999999992
 -5.1400000000001
 -25.32999999999993
 -31.53999999999996
 -3.309999999999945
 8.519999999999982
 -26.82999999999993
 21.31999999999994
 15.34999999999991
 23.65000000000009
 -3.639999999999873
 -2.299999999999955
 18.26999999999998
 -15.18000000000006
 -10.61999999999989
 2.960000000000036
 0.05999999999994543
 8.789999999999964
 29.1400000000001
 -3.149999999999864
 -4.7199999999998
 9.319999999999936
 6.040000000000191
 -8.470000000000027
 10.96000000000004
 -9.769999999999982
 21.97000000000003
 -4.029999999999973
 -6.319999999999936
 2.3900000000001
 7.789999999999964
 8.299999999999955
 0.9800000000000182
 -0.6599999999998545
 -8.880000000000109
 -4.940000000000055
 -0.790000000000191
 -0.2899999999999636
 7.329999999999927
 3.329999999999927
 5.25
 -4.920000000000073
 -13.17000000000007
 13.09999999999991
 -15.20000000000027
 4.559999999999945
 2.139999999999873
 11.56999999999994
 11.92000000000007
 2.300000000000182
 -1.589999999999691
 12.67999999999984
 -0.8500000000003638
 2.960000000000036
 -5.519999999999982
 -5.209999999999582
 -9.529999999999745
 1.139999999999873
 -1.940000000000055
 6.320000000000164
 -14.75
 3.860000000000127
 -17.06999999999971
 -9.8100000000004
 4.150000000000091
 -4.079999999999927
 0.6799999999998363
 15.23000000000002
 -8.190000000000055
 -12.40999999999985
 -1
 18.39999999999986
 -2.550000000000182
 6.909999999999854
 -13.69000000000005
 13.90000000000009
 -2.5300000000002
 22.51999999999998
 11.35000000000036
 -1.599999999999909
 6.329999999999927
 -4.860000000000127
 0.3800000000001091
 -0.5500000000001819
 -6.430000000000291
 7.630000000000109
 6.140000000000327
 3.820000000000164
 -6.599999999999909
 -8.480000000000018
 -5.659999999999854
 -9.820000000000164
 3.889999999999873
 -9.579999999999927
 -12.15999999999985
 18.63999999999987
 2.259999999999764
 5.639999999999873
 13.77999999999975
 -45.69999999999982
 -29.33000000000015
 15.72000000000003
 22.69999999999982
 11.04999999999973
 5.480000000000018
 -9.440000000000055
 5.75
 -0.7800000000002001
 17.0600000000004
 8.550000000000182
 13.92999999999984
 -5.659999999999854
 6.199999999999818
 -6.390000000000327
 4.720000000000255
 -3.7199999999998
 7.860000000000127
 -5.170000000000073
 5.269999999999982
 -10.69999999999982
 -2.369999999999891
 -6.690000000000055
 -2.340000000000146
 6.309999999999945
 -0.180000000000291
 -17.44000000000005
 3.019999999999982
 3.269999999999982
 12.01999999999998
 -2.620000000000346
 3.880000000000109
 -8.009999999999764
 8.740000000000236
 0.2400000000002365
 6.369999999999891
 -2.949999999999818
 -9.0300000000002
 2.079999999999927
 -1.589999999999691
 -1.989999999999782
 2.139999999999873
 -3.350000000000364
 3.300000000000182
 -2.019999999999982
 11.78999999999996
 -3.759999999999764
 -6.610000000000127
 -10.57999999999993
 2.270000000000437
 1.139999999999873
 -2.430000000000291
 0.04999999999972715
 -17.61999999999989
 18.94000000000005
 -23.67999999999984
 6.769999999999982
 15.94999999999982
 -9.360000000000127
 6.25
 -2.720000000000255
 1.680000000000291
 3.679999999999836
 -3.590000000000146
 -8.570000000000164
 8.740000000000236
 -5.509999999999764
 -2.110000000000127
 11.78999999999996
 -6.809999999999945
 -6.259999999999764
 5.539999999999964
 1.320000000000164
 -17.23000000000002
 6.640000000000327
 -19.56999999999971
 1.179999999999836
 -5.150000000000091
 -3.869999999999891
 -1.409999999999854
 5.690000000000055
 3.7800000000002
 -1.590000000000146
 -0.5799999999999272
 1.389999999999873
 -4.9699999999998
 5.700000000000273
 -2.809999999999945
 5.110000000000127
 2.959999999999582
 -10.82999999999993
 -4.829999999999927
 0.01999999999998181
 10.61999999999989
 27.38999999999987
 11.11000000000013
 27.38000000000011
 -7.979999999999563
 -5.2800000000002
 -4.309999999999945
 2.690000000000055
 -2.940000000000055
 7.109999999999673
 -5.819999999999709
