# Created by Octave 4.0.0, Mon Apr 09 11:22:54 2018 MST <gesposito@rabbit>
# name: t2_cat
# type: matrix
# rows: 755
# columns: 2
 0.2236024844720582 0.429185
 1.849568434032059 0.6831923
 -0.5569007263922443 0.5293899
 0.5451241671714147 0.5898717999999999
 2.245167487093277 0.9643761999999999
 -0.07109004739336762 0.5692311999999999
 -0.2634730538922142 0.5313991
 0.7622677465459751 0.391462
 -0.8740845735884656 0.5620904999999999
 0.8795911089979902 0.6520737
 -2.371905584340804 1.8917562
 -0.1180637544274008 0.5848686
 0.6606110652353454 0.5911991999999999
 0.9131350971669412 0.5736474
 2.112265141790176 0.7021763
 0.03454231433506176 0.5460102
 -0.3649218839092179 0.4850105
 -0.4901402028952545 0.275451
 -0.6509078451524417 0.462368
 -0.8660968660968719 0.4465477
 -0.2538949798038071 0.3892784
 -0.5354294827979026 0.357706
 0.4185520361990841 0.6882568
 -0.03401746229731391 0.4066384
 -0.1693193362682082 0.3179214
 -0.04505519261095545 0.3228419
 -0.0790960451977324 0.3204989
 -0.1131349700192265 0.3074689
 -0.7395608146546885 0.5676841
 0.342348510783991 0.3841547
 1.246741471154929 0.8155485
 -0.6167302085669559 0.3483791
 -0.3290593441506775 0.314961
 -0.07955449482895009 0.4517116
 -1.511508072827199 0.5899122999999999
 -0.489853044086776 0.4685657
 -0.6158494073901942 0.3976918
 1.126628330008224 0.2817845
 -0.4272517321016055 0.2841823
 -0.03508771929824694 0.3775249
 1.223385484060689 0.3937629
 0.4079254079254179 0.3355823
 0.3122831367106295 0.3984912
 1.177815894797028 0.471713
 -0.5077860528097526 0.2872879
 -0.1137009664582246 0.2212758
 -0.01147578609135313 0.272101
 -0.2304412950800816 0.289586
 0.4143169524686379 0.3402771
 0.7025221697569959 0.3373646
 0.2864672854360032 0.3910897
 0.3410253495509801 0.3648566
 0.03392897534494587 0.2538952
 -0.6982768329766916 0.3413646
 -1.700294717751077 0.3239051
 0.369942196531784 0.4387343
 -1.067037810252843 0.4747317
 -1.475200371704043 0.4077877
 -1.686380138189481 0.5296181
 -0.1774517922631086 0.2582215
 -0.5977286312014345 0.4896587
 1.20496445354862 0.5192998999999999
 -0.9391932570740532 0.4325075
 -2.085580726357436 0.4570662
 -0.5929332042594324 0.3495037
 0.9291661638711186 0.4228547
 1.113372441039139 0.3797675
 -0.4612655233589598 0.366172
 -1.168141592920348 0.368598
 -0.4667863554757637 0.2931544
 -0.9751986515771758 0.4291418
 0.5134474327628382 0.4691892
 -1.530864197530858 1.0180685
 -1.055341055341065 1.3909914
 -1.053179040436877 0.9175903
 0.1862197392923468 1.0269561
 2.449947312961011 1.5699009
 0.03880983182406357 1.3794814
 1.779683034554417 0.7386182
 0.03816793893129915 0.6203569
 -1.47921448610048 0.6443308
 -0.9440062071641071 0.582228
 -0.8000000000000059 0.4581872
 0.6235385814497139 0.5609516
 -0.2966976264189755 0.7851288
 2.716555612506394 0.9041553999999999
 -0.8764130572843868 0.8992532
 2.082524899754235 0.9362927999999999
 -1.005728835136845 0.5662495
 1.068761267061548 0.3811537
 0.5247664149494571 0.5226839999999999
 0.3948541587058821 0.5146351
 -1.07348242811502 0.5862685
 -1.125776397515534 0.7267351999999999
 -1.237819331050827 1.1778502
 1.392369813422445 1.5168162
 -4.201010369582554 0.9267118999999999
 0.0677323218640089 0.8283119999999999
 0.826226012793164 0.8492077
 1.01077270913686 0.6632876999999999
 1.486988847583649 0.7009006
 0.5369127516778599 0.9046331999999999
 0.2635046113306833 0.5311062
 -1.974983541803818 1.1061156
 0.1369863013698552 1.2265047
 -0.3754357736658637 0.5633146999999999
 -2.720000000000008 0.5837844
 -0.6448072437920138 0.6106714
 0.5537865152983407 0.4410166
 0.5805114029025594 0.4231829
 2.136400986031227 0.510657
 1.055444221776896 0.522301
 -1.777188328912471 0.7716911999999999
 -2.004636574389743 0.9230550999999999
 -0.1936376210235139 0.7437370999999999
 0.7874015748031528 0.5689913999999999
 -2.051067392214314 0.4742566
 -0.6042296072507639 2.2536441
 -0.03076923076922465 1.2353631
 -0.7004981320049748 1.2560052
 1.036920659858608 0.876671
 0.6312548113933742 0.7835672
 -1.88937985677281 0.7922066999999999
 2.994199717824116 0.8760017
 3.733693207377432 1.0630372
 1.840667241875161 0.9641137999999999
 -1.37331838565023 0.8394083
 2.161547212741767 0.6071675
 -1.437655515620689 0.5559668999999999
 -1.412389875541889 0.4636009
 0.3001715265866323 0.4712876
 0.8557980316645191 0.3727924
 0.5108556832694755 0.454664
 -1.33106768620787 0.8027487
 0.02888086642598704 0.5711976
 2.0476328783038 0.6353359
 -1.303300750814565 0.8683168
 4.35806831566548 1.3878281
 0.05578022590992366 0.7928767999999999
 -0.3760969494358688 0.6253922
 0.2992305500142401 0.8267207999999999
 1.724381625441694 0.5416219999999999
 0.6714225765841433 0.429077
 0.9962640099626385 0.7369705999999999
 1.835616438356169 0.5853794
 0.416442772702851 0.49965
 -1.048579771701628 0.547839
 -0.5760214333556688 0.6228509999999999
 0.5720512122037615 0.5531823
 -2.097235462345099 0.5906336
 0.8914890653294337 0.4352616
 -0.8684863523573333 0.4186308
 -3.049985879694997 0.8649505
 1.353711790393002 0.6407839
 1.309729418537704 0.5091743
 -1.055183231142157 0.4803495
 0.6008583690986945 0.373478
 0.7482014388489152 0.6267231
 0.9364358683314367 0.6478393
 0.05635390250773745 0.3845763
 0.8759536592257764 0.3846263
 -0.3484806244772791 0.3492996
 0.05619556055070531 0.1642061
 1.850553764194599 0.5332129999999999
 -1.064565187335816 0.6566871999999999
 -0.2387640449438226 0.5062108
 -2.122276879831349 0.8130771999999999
 0.893886966551333 0.5252013999999999
 -0.4659289458357707 0.680588
 -0.6717420510523789 0.68663
 -0.588235294117648 0.8578009
 0.6062443164595203 0.5768745
 0.07647598654024376 0.7572606
 0.746609782111853 0.7356769999999999
 1.970669110907434 0.6061215999999999
 2.265176683781335 0.6747571999999999
 -3.393867222387617 0.6799955
 0.7894736842105343 1.3490891
 -0.5336179295624462 0.5311466
 3.26037735849056 0.9697150999999999
 0.4310964218996942 0.7586275
 -0.5304659498207951 0.2322144
 -0.781250000000009 0.3883953
 -0.04334007512279852 0.3539541
 0.043693562481796 0.3158522
 -0.7158509861212696 0.4356425
 1.65968899521531 0.8559380999999999
 -1.608657502193616 0.6139106
 0.3637465898757122 0.6639330999999999
 -1.751690227412416 0.8601468999999999
 -1.616664075858852 0.8278451999999999
 -3.455316475577199 0.966942
 -1.345291479820622 0.8593098
 -1.901079426454003 0.721078
 1.681907250163294 0.9146502999999999
 0.5880376344085926 1.2616636
 -2.041154995021568 0.8353199
 1.256887052341605 1.0856154
 1.169491525423725 0.8797811999999999
 -0.4082965866405357 0.7803084
 -1.780868385346004 1.0880593
 1.301369863013695 0.8137765
 -0.1882594557590269 1.0995381
 -1.499758103531688 1.3216806
 0.8915545469281962 0.8178491
 1.177989349685338 0.595173
 -0.9954308093994769 0.6274697
 2.928257686676435 0.8331495999999999
 3.710691823899359 1.2568901
 0.685244403837373 0.7447657999999999
 -1.284011005808626 0.6311215999999999
 0.04694835680751352 0.5598964
 -3.314143457289553 0.5938668
 0.8208832703989493 0.7010271
 1.871269559606382 0.4286319
 1.636533665835407 0.4664933
 1.909090909090917 0.7370471
 -1.533879374534626 0.6175529
 0.7701786814540973 0.4887498
 1.355217587712703 0.5771163
 -1.981820891074353 0.5580009
 1.823802163833064 0.6438901
 0.8802549704052183 0.427663
 -0.771627837958148 0.4148531
 0.8340780458742959 0.5820793
 0.9497369959088335 0.4446729
 0.9163636363636297 0.4800535
 3.059465670784251 0.7171451999999999
 1.040366208905535 0.950013
 2.706043956043955 1.0739167
 -2.778530767145564 0.8736685
 -0.635974008018794 0.4907765
 -0.930167985561574 0.6219374999999999
 0.6080707573244856 0.4783991
 0 0.5059925
 1.399776035834267 0.4674745
 2.410800385728062 0.6628921999999999
 2.291105121293804 1.3311972
 -0.8017875920084115 1.3600222
 0.476631801933006 0.4312106
 -0.0529170525201829 0.3619073
 -1.720688275310113 0.534287
 3.235979706567941 0.7029854999999999
 0.2262142381902694 0.3424317
 1.387221555288791 0.4080208
 -0.5588770470496395 0.486311
 0.3145478374836292 0.4346719
 1.506939854593523 0.4878027
 -1.097178683385584 0.4348143
