# Created by Octave 4.0.0, Mon Apr 09 11:23:06 2018 MST <gesposito@rabbit>
# name: t2_dis
# type: matrix
# rows: 755
# columns: 2
 0.244108534409906 0.3924416
 0.2061276117305339 0.3251487
 -0.5230223218455105 0.4201467
 0.23494032515741 0.5389283
 0.05611672278339158 0.4307798
 0.886607559496023 0.6379102
 -1.029684601113172 0.9663489999999999
 0.3616804228878796 0.8094174
 -1.14752593408611 0.4579838
 -0.07406035919274051 0.4060485
 0.963319748054841 0.5983754999999999
 0 0.6355615999999999
 -1.201793721973097 0.847908
 -0.7494356659142197 0.7324497999999999
 0.1367864307860712 0.6024741
 -0.8752735229759372 0.7770300999999999
 0.5184174624829406 0.6205115999999999
 -0.4036598493003254 0.7566208999999999
 -2.171801889291069 1.4619307
 -1.649336679813556 0.8975282999999999
 -0.3102189781021799 0.8291198
 -0.1360420823508123 0.6260610999999999
 -1.3982204467042 0.6728542
 0.8865903213889856 0.6345037
 -0.4649042844120375 0.4141357
 0.2187984319445794 0.4662043
 0.1816530426884676 0.5852172999999999
 -0.1267312392504758 0.4868918
 -0.1174451169934009 0.454964
 -0.5235602094240822 0.4393474
 0.318066157760809 0.4880577
 -0.03626473254759024 0.4267697
 -0.662612326404651 0.5970755999999999
 0.7853164094603228 0.3984196
 0.3814367450731103 0.339198
 0.03625487174839686 0.5264878
 -0.4664513814137157 0.677889
 -0.1532636134150755 0.4425947
 -0.09884974838245816 0.4510344
 -0.5858494817485405 0.5748198
 0 0.4323537
 -0.6725438516768107 0.6068142
 -0.759030635573844 0.7711756
 1.010101010101005 0.5128741999999999
 0.5544950459049172 0.5036279
 -0.3444212816097122 0.4009859
 0.8327994875080177 0.5742208
 0.6434073402809316 0.3848346
 0.2607913669064676 0.4732297
 1.242958061343111 0.6929896
 -0.1861207125764369 0.9587720999999999
 0.1146384479717773 0.5906156
 0.421311331519345 0.6003069999999999
 -0.4636920384951891 0.5636168
 -0.1483161751875778 0.6213483
 0.01739584239366445 0.9509569999999999
 -0.9723195515066568 0.7618224
 0.1843237075397119 0.6946743999999999
 0.1565898216615856 0.5435397
 -0.3553475472352198 0.5549504
 1.074517340787983 0.5880489999999999
 0.5840920803985507 0.8359934
 -1.124463519313307 0.8445169
 -1.052811777796802 0.7016848999999999
 -0.5211448099102942 0.7020710999999999
 0.2547770700636919 0.7595236999999999
 -0.1525036007794686 0.5061658999999999
 0.220264317180609 0.48452
 0.05882352941175897 0.6303044999999999
 0.1432302637121929 0.5109909
 0.2431050381423355 0.6950951999999999
 -0.3757515030060144 0.4785194
 0.04191817572099024 0.4714082
 -0.4191114836546521 0.3347184
 -0.3686635944700442 0.4320854
 -0.320323695523894 0.5179267
 -0.1853724300640487 0.6447319
 0.8329827513672774 0.6083478999999999
 0.267312672291377 0.4430097
 -0.09990009990010368 0.576728
 0.1985440105890214 0.8426893999999999
 0.1563786008230434 1.2624387
 -0.2706848326265426 6.1011209
 -1.675724637681167 5.717517
 0.5517241379310293 1.579155
 0.9090909090909091 1.1617048
 -2.120717781402939 1.3573984
 -0.009345794392528145 1.7020546
 0.2891521313310347 0.9754465999999999
 -0.4181767493727375 0.7104463
 1.6309412861137 0.795404
 -1.018141429100341 1.2021536
 -0.1219741039594628 0.9484448
 -4.140310523289253 3.4585476
 1.374358974358978 3.0819748
 2.120368387234958 2.9937482
 -3.850396069387349 1.8995798
 0.5471678994832366 1.3716696
 0.8090774543660655 1.739889
 0.2837851061747786 1.0993542
 -0.4105571847507348 0.8506695
 0.2013895881582951 1.4170166
 0.9611573523583025 1.211684
 -0.2054794520548023 0.8934628
 0.009904912836772105 0.918611
 1.029626032054398 0.851328
 -2.711217183770886 0.9496559999999999
 0.7363770250368189 0.9009786
 2.081094284318525 0.951213
 -0.7931199235547181 0.6955743
 0.174334140435842 0.9161781999999999
 0.6194347657762298 0.6504616
 0 0.7656434
 -0.348837209302325 1.347534
 -0.2604166666666765 0.7134986
 0.303386181248765 0.8308139999999999
 -0.8492776259273767 0.5807207
 -0.3762376237623717 1.0654979
 -1.192000788099702 0.7169858
 -1.411411411411422 0.8209139
 0.9237640848644773 0.9434095
 1.409009724151619 0.9144751999999999
 -0.291346994270173 0.7497142999999999
 1.768599940717327 0.9079311999999999
 0.1446480231436755 0.71158
 -0.4031097034264342 0.5615783999999999
 -1.052732318882184 0.6949531999999999
 1.366279069767439 0.7486472
 0.4472357027309913 0.7312563999999999
 0.4154470777074853 0.5149028
 0.8038585209003296 0.8310318999999999
 -0.723004694835677 0.5468162999999999
 1.305164319248827 0.6699237
 -0.02770850651150008 0.5739695
 1.127020785219399 0.7975422999999999
 0.2647193062528583 0.9655994999999999
 -0.5240805999819267 0.8770087
 2.331255082678231 0.9924461
 -0.9806496804132654 0.792175
 0.3979835500132686 0.5723571
 0.4236914114220052 0.5855034
 0.324646836886904 0.6443616
 0.6122092006297033 0.6075573
 -1.095652173913048 0.8475593
 0.4803913005502763 0.6937687
 0.495781508219542 0.7080754
 -2.906378600823046 2.0697835
 -0.2295603037259448 1.362235
 0.9336823734729559 1.6695729
 0.4486626402070716 0.9298464
 1.076009296720324 0.8130179
 -0.8762228838792013 0.6363766
 0.5276816608996535 0.7106903999999999
 -0.9316770186335388 0.7885430999999999
 2.159161011721162 0.5751991
 0.01722504521574026 0.64277
 1.652039235931855 0.6545023
 0.473973762166727 0.6100131999999999
 0.8059776677021189 0.9943114999999999
 -0.7315045719035707 0.6985099
 0.04240882103477282 0.8100965
 0.3212443993575074 0.4751518
 -0.750000000000004 1.4911395
 -1.808584285219802 1.623901
 1.086289969338585 0.8892542
 -1.204610451512263 0.7783300999999999
 -1.99702198475957 1.0446637
 1.330494944119212 0.8771297
 -0.6372206703910649 0.6610165
 -0.7675341861490872 0.7480561999999999
 -0.8185781653172006 0.9050676
 -0.3508771929824566 0.7030152
 -1.701392048039296 1.2334945
 0.6164887743834997 0.9639492
 0.09817045961624225 1.3361688
 -0.7847240387130451 1.2304503
 -1.857530885831938 0.9375034999999999
 -3.830015177216326 2.8376912
 -2.031249999999994 2.2847155
 -0.2336666978222264 0.8644463999999999
 -1.539035537729682 1.2372933
 0.62737642585551 0.4356193
 0.7042253521126761 0.9092705
 -0.741564701520205 0.8607249
 -0.5145476658246769 0.4916975
 -0.9986809873751671 0.6670100999999999
 -0.1357641582622193 1.2470536
 -1.72397000097399 1.6212908
 0.9861139062185591 1.3934454
 0.5456750202101923 1.468022
 -1.371360429295434 1.0691594
 -0.2893922762199302 0.9583208999999999
 0.485292661186486 0.8863920999999999
 -3.337259521005096 1.1473032
 0.4662949822605106 1.1086312
 -1.798786864672661 2.2212626
 -1.084210526315791 1.3211368
 0.390540247342156 1.6894553
 1.238290082911587 1.2054406
 0.9900990099009931 1.2259269
 -1.1719560257208 0.7768858
 0.8168394596292818 0.6895218
 -2.06624441906345 0.6292395
 -1.754201680672271 0.7276623999999999
 1.708948094682093 0.8112503
 0.07362221287337756 0.6996044
 -0.9361702127659527 0.721571
 1.105207226354948 1.0862339
 0.590281437756933 0.8284239
 -1.489718841796042 0.8857208999999999
 -0.4753673292999111 1.3659468
 2.407099278979465 1.6091333
 0.9659090909090845 3.2574769
 3.804597701149428 1.7368241
 -0.4042832167832062 1.0755898
 0.4758299989185658 0.8980321999999999
 1.953667129283653 1.2575106
 -1.214448827070793 0.8727627999999999
 -0.2310196366691157 0.6677953
 0.1454847760573632 0.6932999999999999
 -1.160621761658036 0.6195461999999999
 0.8240887480190185 0.6917485
 -0.281484570475392 0.4544901
 -0.4179291610072004 0.5263492
 0.2203336480956812 0.6809953
 1.824817518248175 0.712398
 -0.685983413535376 0.6449638
 1.053277431230174 0.8553853
 -0.5252525252525213 0.6728527999999999
 0.8318961144364487 0.7198348
 -1.122005458404947 0.6168749
 -0.3469387755102076 0.7009198999999999
 -0.9189299571165934 0.5439975
 0.3792149226196624 0.5560558999999999
 0.8882989585460533 0.6162533
 0.2244439910222392 0.5942388
 0.2852485737571324 0.6072856
 1.343101343101336 0.6372989999999999
 -0.7801560312062423 1.017926
 -0.4650222401941043 0.7040442
 -0.01024695153192449 0.6441692999999999
 -0.9107654523127309 0.5481579
 0.693940963231488 0.5564401999999999
 0.6051282051282086 0.5308748
 0.1632653061224455 0.5142709999999999
