# Created by Octave 4.0.0, Mon Apr 09 11:24:33 2018 MST <gesposito@rabbit>
# name: t2_lmt
# type: matrix
# rows: 755
# columns: 2
 0.4588071015360001 0.08283739999999999
 -0.4817003525847936 0.1278988
 -1.489776533519967 0.2130365
 0.2285540149322043 0.1586886
 -0.5346245019417977 0.1154309
 0.2746973242445783 0.1065342
 -0.5005107252298355 0.1230786
 0.7783695206882477 0.1276939
 -0.8886644786670129 0.1421126
 0.4728012201321845 0.1127369
 -0.1468428781204215 0.117873
 -0.8324450535505743 0.1307363
 -0.9200572480065341 0.1378395
 0.1393548387096827 0.1095622
 -1.080773606370878 0.142716
 -2.288317536785885 0.2257228
 1.17773019271948 0.1196001
 0.2589852008456708 0.0912656
 -1.003963011889039 0.0993636
 -0.8911994058670514 0.1192862
 0.8357889097240837 0.1040858
 0.2737418403874404 0.0950627
 0.3477161371898196 0.08320219999999999
 0.7345946517281549 0.09418109999999999
 0.01570927370791283 0.09809269999999999
 0.7462686567164214 0.1004512
 -0.3470963062736298 0.1356467
 0.3273577552611192 0.0822104
 0.1865091700341857 0.07722709999999999
 -0.335224342444562 0.08265169999999999
 -0.2376401301854521 0.07696699999999999
 -0.2069750595053179 0.0995635
 -1.126219638779332 0.1380511
 0.4725649776844346 0.1196082
 0.3748482128715527 0.1468947
 -0.9108618964881894 0.1517426
 0.8391386953768226 0.2003827
 0.08394103142542184 0.1469155
 0.2455333820917349 0.1340274
 -0.309289159152864 0.1853956
 -0.04223641835171537 0.1389183
 0.01584451251716549 0.0964763
 -0.567137530851238 0.1041153
 -0.03696857670979307 0.1729345
 1.08753035582304 0.1333103
 0.2046277349283731 0.1110108
 -0.04210526315790132 0.07106409999999999
 0.8242629187361313 0.08538229999999999
 -0.1776755852842827 0.0862134
 0.6527415143603132 0.1159733
 -0.8044008511080033 0.1234928
 0.06772597030477931 0.0716879
 -0.4105388972613524 0.0573046
 -0.5491057420771945 0.0857638
 -0.2677165354330661 0.0884938
 -0.9919697685403951 0.1876298
 -1.103470334239561 0.1202615
 -0.6785275418069038 0.1275262
 1.161227890973602 0.09500749999999999
 -0.747178209951776 0.1024465
 0.6747710598190004 0.09025999999999999
 0.8431882059712592 0.1328545
 0.8169327887114851 0.1528244
 0.1929495202336277 0.1442158
 0.103098097840089 0.163885
 0.9591836734693854 0.1197212
 0.07541478129713709 0.1059184
 0.1104473116120281 0.0972152
 0.9109109109109075 0.0976176
 0.1244214403025929 0.09979529999999999
 1.393900449804752 0.2051965
 -0.6309919780864762 0.1766978
 -0.2655781242315548 0.1124876
 0.009861446674232154 0.1175219
 -0.8678500986193389 0.1125
 0.4042723098422708 0.09978719999999999
 0.5977670190692659 0.1125298
 1.650632416857936 0.2491048
 -0.3619341762378149 0.1554849
 -0.2456529068927409 0.1116804
 0.2508804940415795 0.1064667
 0.4891851709750181 0.1066471
 -0.2809256261308463 0.1210939
 -0.2240976493586988 0.1148345
 0.04306220095693943 0.0997613
 0.3523138449819125 0.0978459
 -0.09088734752451456 0.0985751
 0.5974751855064129 0.0932151
 0.507833085804629 0.1091175
 1.053635280095355 0.09161409999999999
 1.014795144157822 0.0776428
 0.1459785270295601 0.07749919999999999
 -0.3208152481600334 0.1303749
 -0.8768603659114582 0.1406086
 -1.86037591100882 0.2035334
 3.920846271248891 0.329783
 -3.172749391727499 0.2092236
 -0.5461792058259043 0.2843122
 0.7404864652805117 0.1679948
 0.1325934292589551 0.1390928
 -0.9989665862900452 0.1086093
 -0.1263455804315965 0.1674238
 2.178376483549499 0.1489186
 0.2491572622013733 0.1346828
 -0.4519996069568574 0.1212868
 1.386031932608475 0.1317739
 -2.076555023923447 0.1105982
 1.197781159491433 0.1369495
 0.4858850395996308 0.1085495
 -0.4975124378109458 0.1034279
 0.7074328907839946 0.1253548
 -0.03852822192255061 0.0927784
 -0.1202790473899447 0.09455659999999999
 -1.305825242718446 0.3006868
 0 0.0964738
 0.5927096710461269 0.1119195
 -0.6662421006221453 0.06011159999999999
 1.617866004962775 0.1659931
 -1.378543097610536 0.1411966
 -1.15033325104913 0.1313787
 1.234999999999999 0.1226643
 1.453459919741606 0.1721772
 -0.7561436672967875 0.1885689
 2.277114994307224 0.1148616
 1.646663466154574 0.1347479
 -0.6140765233821366 0.1620777
 0.5477123565796292 0.1126534
 0.9845487092519331 0.0782798
 -0.5502704719268825 0.1337635
 0.3370628715884082 0.1047806
 -0.5815589531938885 0.1024578
 -1.839188870549401 0.1192633
 -0.02389714668067818 0.1497117
 -0.2946768060836524 0.1145548
 0.6690881284649097 0.1329252
 0.6509788793519117 0.1926017
 0.8581235697940557 0.1332639
 2.021487135990949 0.119015
 0.6055045871559601 0.1279329
 0.7386467262447586 0.1383815
 1.395644860662814 0.1394402
 -0.5444319460067527 0.1973517
 -1.244343891402715 0.1781829
 0.37899543378996 0.1774396
 0.318340988676164 0.1160716
 -0.4999999999999974 0.1046276
 -0.4005279686859931 0.0933007
 -0.2600720901583214 0.0911418
 -0.6284403669724792 0.1455751
 -0.4958984103443582 0.1656159
 -0.1399449549843781 0.1165862
 0.3451975556281238 0.1197848
 -0.4289044289044231 0.128637
 -0.1592505854800953 0.1057437
 2.967663664784651 0.1515971
 0.144098707614713 0.2081501
 0.3055630448458735 0.1184831
 -0.213827512473267 0.1411254
 0.2705699711687796 0.1319351
 -0.2075055187637964 0.0939856
 0.6534495021337122 0.1234948
 -0.3002472624514211 0.2156656
 0.168491996630158 0.0972764
 -1.985688729874776 0.2848084
 0.0636190129964493 0.1260802
 -0.5947786606129409 0.1307359
 -1.737583800793543 0.1776848
 1.106481481481475 0.1701581
 0.361821013098833 0.153776
 0.5144930864991523 0.08447289999999999
 -0.2201632877717724 0.1194981
 0.4405286343612372 0.111908
 -0.1562930955226641 0.1801876
 0.2731607944812275 0.2022633
 -0.9953917050691229 0.1540042
 0.6944444444444444 0.1352036
 -1.211787386394939 0.128228
 -0.734502923976605 0.2058224
 0.7811038353601438 0.1066828
 0.6569207994078534 0.0895229
 -0.03211009174311614 0.07427109999999999
 0.2568807339449551 0.052437
 0.1513206162875936 0.0612933
 0.5060175054704528 0.07685889999999999
 -0.5114742226044428 0.0633524
 -1.106658165588855 0.1157827
 -0.3691588785046692 0.1870956
 1.710238128524157 0.1350102
 -0.09181471789928708 0.1787147
 -0.2432065852860064 0.1810068
 -0.9766987581972906 0.1765149
 0.130190170642117 0.2550165
 0.893394435957972 0.1354867
 -2.216546565721055 0.1365629
 0.9327488107452663 0.1920663
 1.886881456672485 0.2804355
 -0.6460842678480805 0.2917653
 -1.24383947430181 0.2458679
 -0.1941287878787863 0.1562891
 -0.7814327827429768 0.151793
 -0.3918051359516675 0.1786267
 4.219828228168594 0.4440812
 -0.9671732812425426 0.2693049
 -0.8777399395654528 0.1862895
 1.525285088774473 0.2590706
 0.2580521838860845 0.1603926
 0.4534606205250542 0.1565084
 0.4339622641509375 0.2231157
 -1.077647058823526 0.1622644
 0.7606731957782611 0.1886441
 2.484115989108101 0.2499683
 1.34196696696696 0.1965255
 -0.9536595527984826 0.1737869
 -2.12122643737893 0.2640022
 -1.070519898228597 0.2329229
 0.7131842713955232 0.1538253
 1.304761904761909 0.123673
 0.9187279151943408 0.0987131
 -0.4148990723043151 0.1233287
 0.1070863208864837 0.0974357
 0.1489549876646619 0.1277137
 1.428036332989972 0.130157
 1.3963133640553 0.148914
 -0.9032022625672794 0.1210165
 -0.4061475977292636 0.1243744
 0.7110208227526627 0.1159503
 -0.4080884038699688 0.1188228
 0.9423503325942445 0.08749989999999999
 0.3717130925611501 0.09362859999999999
 -0.7632183908045961 0.1017355
 0.6496845057256437 0.1839775
 -0.1568627450980408 0.09881849999999999
 -0.1751636397160484 0.1367605
 -0.4357798165137563 0.1296353
 0.4545032928299739 0.09343689999999999
 0.794093062134303 0.1012256
 0.4835589941972973 0.08800619999999999
 0.4443833608209634 0.1299111
 0.4136363636363621 0.2112171
 0.3856449344403586 0.1148753
 -0.14476362813844 0.0924478
 0.1675041876046922 0.07790509999999999
 -1.379778330694418 0.1318388
 0.1142543759425986 0.0994839
 0.8036529680365256 0.07484789999999999
 0.432432432432436 0.0949347
 -0.5165057264765351 0.1104396
 1.432078559738137 0.09578159999999999
 0.4076695636591688 0.1007212
 0.7097263759317964 0.1437249
 0.5858594824907875 0.1275958
 0.2123893805309689 0.106111
