# Created by Octave 4.0.0, Mon Apr 09 11:25:24 2018 MST <gesposito@rabbit>
# name: t2_unh
# type: matrix
# rows: 755
# columns: 2
 0.6110498175337341 0.2247228
 0.3795866722901753 0.2232569
 -1.347107438016525 0.3961024
 0.4860063683593081 0.3208819
 -2.541950490114639 0.7343997
 -0.2706470925941216 0.7068036999999999
 -1.892561983471079 0.438996
 -1.059657905715474 0.4651035
 0.2352941176470598 0.3379795
 -1.447214321566006 0.3846694
 0.6639427987742603 0.3244285
 0.3466351031450766 0.3139223
 -2.466856855177053 0.5174299999999999
 0.598853623064422 0.4144846
 -2.245740836344863 0.712262
 -1.876156082092835 0.6705565
 0.8104016386142991 0.580506
 0.7563764291996478 0.3531451
 -0.5002632964718213 0.3960443
 -0.4473684210526361 0.3369777
 1.422889969067609 0.330016
 -0.2113435410825882 0.3065991
 -0.7265807456102443 0.3376389
 0.3589249759257608 0.3844554
 1.081835630779964 0.3667715
 1.152073732718889 0.4771391
 0.4630409159791187 0.3083804
 0.4864955544371736 0.2824661
 0.609247204139546 0.3554852
 0.4224302161848678 0.3379166
 -0.2484266313348885 0.2983475
 -0.5901911886949242 0.2945924
 -0.8220097299110921 0.3014507
 0.4794751009421327 0.288765
 0.2598273405414486 0.2873631
 0.1249375312343757 0.6019926
 -0.5641280902605 0.3876398
 -1.456188802410239 0.4219463
 0.2966101694915206 0.3438063
 -1.0770013568521 0.3300333
 0.171924696982724 0.2724464
 0.4554047087128383 0.3271253
 0.05131275121866763 0.3047335
 1.298812270358024 0.4006416
 0.7685161726205528 0.3815604
 -1.001346348030964 0.3076621
 1.840280749807417 0.6809507
 2.022830283699846 0.7229358
 -1.771944216570969 0.48059
 0.4153168867846167 0.3478319
 -0.2652300041442249 0.4178666
 -1.13458850612513 0.4435575
 1.128779764356917 0.4991031
 -2.956026058631918 0.465053
 2.30827130551142 0.6149545
 -0.436222635107849 1.6358215
 -0.6964929531301283 0.3603962
 -0.343081195883027 0.4982584
 0.3497356649044267 0.326932
 -1.623324180261663 0.3682344
 2.140468227424751 0.6522842
 -1.356652500817258 0.6476200999999999
 -0.2267954640907149 0.4009815
 -0.5831389536821083 0.3315646
 0.9587569220596833 0.4033477
 -0.528025995125907 0.3766898
 2.308070060566372 0.4192391
 0.7282913165266078 0.5067254999999999
 -0.3906872907032331 0.7216574
 -0.6816359262229419 0.3702747
 -1.128577186618292 0.3199739
 -1.395121155258215 0.4239093
 -0.2975944449036947 0.3385846
 -1.890980843541887 0.4896078
 -0.99059771658832 0.3840567
 0 0.3752304
 2.341249789455955 0.5216853
 -0.2462649811196825 0.3924387
 -0.4787848770018147 0.3732435
 0.7719764256661465 0.359298
 -0.5920565742948761 0.254125
 -0.6086527389373211 0.2058219
 1.773981603153742 0.3831948
 -1.873442148428076 0.301488
 0.090378769205488 0.2276284
 -0.01632653061224165 0.247995
 0.8163601880102326 0.2755968
 -0.04948045522018989 0.3050323
 -0.6676007582625915 0.3253372
 0.3732271709380467 0.2040515
 2.840531561461784 0.29518
 1.307717145624802 0.414019
 -1.194771870740113 0.341149
 -2.004253926701562 0.3181679
 -1.665961945031711 0.5608888
 -0.3878766011185212 0.8681376
 -2.672566371681413 0.8088307
 0.799573560767583 0.7416963
 2.186550976138825 0.5755709
 -0.09370474486753508 0.3323308
 -1.2882859824247 0.4062003
 -0.6439661256175053 0.4614079
 0.3514012123341876 0.4488967
 -0.6536517343559352 0.3129697
 -0.124444444444445 0.3355852
 1.717339875580486 0.3972114
 -1.884218603461512 0.3724093
 1.671745755333045 0.4415971
 2.177842816561936 0.3731552
 -1.033352936234566 0.26793
 1.197200910547173 0.3040074
 0.7316870374989687 0.3464305
 1.448559670781897 0.5371005999999999
 0.2127485475820351 0.7426465999999999
 0.3644019758684937 0.3466027
 1.226943346508572 0.4449584
 0.2276422764227651 0.3124454
 -1.029832447895375 0.4683586
 -4.755279096415127 0.8049432
 -2.466464733881432 0.5637152
 1.178138010452652 0.5103082
 0.5373082589479197 0.4632366
 0.5778851129894789 0.3752508
 3.204794163626887 0.3470133
 -0.01671262638923374 0.3427139
 -2.854511970534067 0.4624158
 -0.02575991756825256 0.4282728
 -0.3006098084686151 0.3644204
 2.827829985343565 0.4427613
 2.940929333669439 0.5834798999999999
 0.6739201039298459 0.6638358999999999
 -1.437222446507873 0.5563108999999999
 0.9831932773109259 0.7997331
 -0.7199007033512539 0.4412342
 0.7931207213224267 0.3688508
 -0.1823607427055693 0.3273501
 -2.137708177976633 0.5305639
 -3.72218932408425 1.0469756
 1.28440366972477 0.5497462
 0.5262249827467214 0.3304206
 2.560357419022256 0.4008191
 0.01670006680026388 0.4343414
 -0.06678353785792845 0.3150911
 -1.792712415575757 0.4207853
 0.04214430209035499 0.3862713
 -0.4315816197004359 0.2749472
 -2.517006802721083 0.5396067999999999
 1.087145590537485 0.3986707
 -0.3644884144753985 0.4094218
 0.1139051958293259 0.2752367
 1.417694933053299 0.2841802
 -1.555651052857747 0.2352695
 -0.8263009845288432 0.3307361
 -0.9600853409191914 0.3647787
 2.633002705139754 0.2436879
 0.5803218148245816 0.1966761
 2.62582056892779 0.3291038
 0.7650970033700603 1.5513519
 1.875732708089096 0.705229
 -0.7170045144728709 0.3777261
 1.625067337044355 0.3155788
 0.8284127963338307 0.2959195
 -0.1310158092409743 0.1740403
 -1.614874301675985 0.4299149
 2.40465075310491 0.5407396
 1.204404679972476 0.583846
 -2.376910016977927 0.4287079
 1.86002249329526 0.3588162
 -1.679531766901352 0.3164319
 0.8090474119182188 0.3551921
 -0.3032928942807699 0.3839106
 1.008257279443717 0.3202595
 0.8083441981747127 0.3830823
 -0.02588885053503722 0.3851284
 0.633182168221096 0.3124083
 0.4480135249366028 0.3516898
 0.3281999495077006 0.394575
 -2.352246859455363 0.7574811
 0.7205970661405193 0.3185166
 -0.6345714527455791 0.2821566
 0.6700593723494419 0.2479615
 -0.1602969712309101 0.0900064
 0.05919161170302146 0.1582598
 0.7991923950534101 0.2027647
 -0.9247688077980499 0.1747681
 -0.8428860418071477 0.2372492
 -0.3849114703618192 0.4969613
 -0.03427004797806035 0.2816752
 -0.2504750388668218 0.2677303
 -1.355275895450138 0.5277248999999999
 -1.949265687583443 0.4422365
 -0.8415528006515309 0.4525815
 1.721638274737229 0.4037787
 -2.828929810515072 0.3376913
 1.857642082030541 0.4208791
 0.1741840850751721 0.5946148
 0.9776661583998597 0.7120947
 2.408778660005355 0.8365604999999999
 -1.020319176768119 0.5413089999999999
 -0.296503008633473 0.3622152
 -0.9954593084177442 0.2892609
 0.9299442033477967 0.4592486
 -1.835183081359791 0.4690397
 -0.8104016386143118 0.352515
 2.885732154024828 0.5241842
 0.9231037185404531 0.4332709
 -0.9308394954328033 0.2989162
 -1.416455364168929 0.3461931
 1.357947989704448 0.3589899
 -2.060138511440339 0.3309283
 -0.4343891402714968 0.5026332999999999
 1.641292918209666 0.3564803
 1.266504985179194 0.3023338
 -0.6288178224937017 0.3908616
 0.5575539568345236 0.2543536
 2.23741454319454 0.3365403
 2.424242424242422 0.4461887
 -0.8860759493670862 0.3806216
 0.1531914893617079 0.4451355
 1.821998320738876 0.5029285
 0.4227453580901899 0.2784206
 0.2251313266071842 0.2559486
 0.8319467554076538 0.2281381
 -0.1234771155745849 0.2877486
 -1.651527663088357 0.4496081
 1.824420453594449 0.3292264
 0.0329951332178438 0.266103
 0.7943074631805344 0.3064146
 0.3956478733926838 0.287393
 0.5616121572514097 0.2313845
 0.3133245382585715 0.2507343
 -0.6399737446668864 0.2093962
 0.7343234323432347 0.2638229
 2.147464685229032 0.3707721
 0.3365384615384629 0.285622
 0.2489160109201767 0.2610268
 0.4100008039231491 0.2136318
 -0.06420030495144716 0.3906258
 1.489668428640077 0.6949624
 0.3960709759188847 0.2664252
 1.081721279115677 0.3819519
 1.279750292625818 0.6086463999999999
 -0.294642164844534 0.4153996
 0.07762769756248589 0.1955092
 0.4332018256362669 0.2431665
 -0.3151664232454428 0.2570225
 -0.5708114779388929 0.3162308
 0.9557852202968293 0.3901675
 -0.7739463601532498 0.2802454
 -1.481194261341592 0.4016514
 0.628782519845946 0.3003671
 -0.501921417928006 0.3160894
 -1.187200251592099 0.3642293
 0.3973615195104506 0.3112946
 0.3958828186856691 0.2876993
 0.08617312965139007 0.2591823
 0.2035703100532455 0.167453
 -0.4378762999452672 0.2827152
 0.7329760403530949 0.2715129
