# Created by Octave 4.0.0, Mon Apr 09 11:50:16 2018 MST <gesposito@rabbit>
# name: t2_y
# type: matrix
# rows: 753
# columns: 1
 1
 1
 1
 1
 0
 0
 1
 0
 1
 1
 1
 0
 1
 0
 0
 1
 1
 0
 0
 1
 1
 0
 0
 1
 1
 0
 1
 1
 0
 1
 0
 0
 1
 0
 0
 0
 0
 1
 0
 1
 0
 1
 1
 1
 0
 0
 1
 0
 1
 0
 1
 0
 0
 1
 1
 0
 0
 1
 0
 0
 0
 0
 1
 1
 1
 1
 1
 1
 0
 1
 0
 0
 0
 0
 0
 1
 1
 0
 1
 0
 0
 1
 0
 0
 1
 0
 0
 1
 1
 1
 0
 0
 0
 0
 0
 1
 1
 1
 0
 0
 0
 1
 1
 0
 1
 0
 1
 0
 0
 1
 1
 1
 0
 1
 0
 0
 0
 1
 0
 1
 1
 0
 0
 1
 0
 1
 1
 1
 1
 1
 0
 1
 1
 1
 0
 1
 1
 1
 0
 0
 1
 0
 0
 1
 1
 0
 0
 0
 0
 0
 0
 0
 0
 1
 1
 1
 0
 1
 1
 0
 1
 1
 0
 1
 0
 0
 1
 0
 0
 0
 1
 0
 0
 1
 1
 0
 0
 0
 1
 1
 1
 0
 1
 0
 0
 0
 0
 0
 0
 0
 0
 0
 0
 1
 0
 1
 0
 1
 1
 0
 1
 1
 0
 1
 0
 0
 0
 0
 0
 0
 0
 1
 0
 1
 1
 1
 0
 0
 1
 0
 0
 1
 1
 1
 1
 0
 0
 1
 1
 0
 1
 0
 1
 0
 0
 1
 1
 1
 1
 0
 0
 0
 0
 0
 1
 1
 1
 0
 0
 1
 0
 1
 1
 1
 1
 1
 0
 1
 0
 1
 0
 0
 0
 1
 0
 1
 0
 1
 0
 0
 1
 0
 1
 1
 0
 0
 0
 1
 0
 1
 0
 1
 0
 1
 1
 0
 1
 0
 1
 0
 0
 1
 1
 1
 0
 0
 0
 0
 1
 0
 0
 1
 1
 1
 1
 0
 0
 1
 1
 1
 1
 0
 1
 0
 1
 1
 1
 0
 1
 0
 1
 0
 1
 0
 1
 0
 0
 0
 0
 1
 0
 0
 1
 1
 1
 0
 1
 0
 1
 1
 1
 0
 0
 1
 0
 0
 1
 0
 1
 0
 1
 0
 0
 0
 1
 1
 0
 1
 0
 1
 0
 1
 1
 0
 1
 0
 1
 1
 0
 0
 1
 0
 0
 1
 0
 0
 1
 1
 0
 1
 0
 1
 0
 0
 0
 1
 1
 0
 0
 1
 0
 1
 0
 1
 1
 0
 0
 1
 1
 1
 1
 1
 0
 0
 0
 1
 0
 1
 0
 1
 0
 1
 1
 0
 1
 1
 0
 1
 1
 0
 1
 1
 1
 0
 1
 0
 1
 0
 1
 1
 0
 0
 1
 1
 0
 0
 0
 0
 1
 0
 1
 0
 1
 1
 0
 1
 1
 0
 0
 1
 0
 1
 1
 0
 0
 0
 0
 0
 0
 1
 0
 0
 1
 1
 1
 1
 1
 1
 0
 0
 1
 0
 0
 1
 1
 1
 1
 0
 0
 0
 0
 0
 1
 0
 1
 0
 1
 0
 0
 0
 0
 1
 1
 1
 1
 1
 1
 1
 1
 0
 1
 1
 1
 1
 0
 0
 0
 1
 1
 0
 0
 1
 0
 0
 1
 1
 0
 0
 1
 0
 0
 0
 1
 0
 0
 1
 0
 0
 1
 0
 0
 1
 1
 1
 1
 0
 1
 0
 1
 0
 1
 1
 0
 1
 0
 1
 1
 0
 1
 0
 1
 0
 1
 0
 0
 1
 1
 0
 1
 1
 0
 0
 0
 0
 0
 1
 1
 0
 1
 1
 1
 1
 1
 1
 0
 1
 0
 1
 0
 0
 1
 0
 0
 0
 0
 1
 1
 1
 0
 1
 1
 0
 1
 0
 1
 1
 1
 1
 0
 0
 0
 1
 1
 1
 1
 0
 0
 0
 1
 1
 1
 1
 1
 1
 1
 0
 1
 0
 1
 0
 0
 0
 1
 1
 1
 1
 1
 1
 0
 0
 0
 1
 1
 1
 0
 0
 0
 1
 1
 0
 1
 0
 1
 1
 0
 1
 0
 0
 1
 1
 0
 1
 0
 0
 1
 1
 1
 1
 0
 1
 1
 0
 1
 0
 1
 0
 1
 0
 0
 1
 1
 0
 1
 1
 1
 1
 0
 1
 1
 0
 0
 1
 0
 1
 1
 0
 0
 1
 1
 1
 1
 0
 1
 1
 1
 1
 0
 1
 0
 0
 1
 1
 0
 0
 1
 0
 0
 0
 1
 0
 1
 1
 1
 0
 0
 1
 1
 1
 0
 1
 1
 1
 1
 1
 1
 0
 0
 1
 1
 1
 0
 0
 0
 1
 0
 0
 0
 1
 1
 0
 0
 1
 0
 0
 0
 1
 0
 1
 0
 0
 1
 1
 0


