# Created by Octave 4.0.0, Fri May 18 15:44:03 2018 MST <gesposito@rabbit>
# name: tmp_dec_X2
# type: matrix
# rows: 14
# columns: 6
 1 5 6 9 0 0
 2 5 7 8 0 0
 3 6 7 10 0 0
 4 8 9 10 0 0
 1 2 5 11 12 0
 1 3 6 11 13 0
 2 3 7 11 14 0
 2 4 8 12 14 0
 1 4 9 12 13 0
 3 4 10 13 14 0
 5 6 7 11 0 0
 5 8 9 12 0 0
 6 9 10 13 0 0
 7 8 10 14 0 0


