# Created by Octave 4.0.0, Fri Apr 20 10:29:48 2018 MST <gesposito@rabbit>
# name: u2_X
# type: matrix
# rows: 753
# columns: 27
 1 0.9 0.9 0.6 0.6 0.6 0.6 0.6 0.4 0.9 0.1 0.9 0.9 0.9 0.6 0.6 0.6 0.9 0.9 0.6 0.6 0.9 0.4 0.6 0 0.9 1
 1 0.9 0.4 0.1 0.6 0.9 0.6 0.6 0.4 0.9 0.9 0.4 0.9 0.9 0.9 0.4 0.4 0.6 0.9 0.9 0.6 0.6 0.1 0.6 0.4 0.6 2
 1 0.1 0.4 0.4 0.6 0.1 0.1 0.4 0.6 0.6 0.4 0.1 0.4 0.1 0.9 0.1 0.1 0.9 0.1 0.9 0.1 0.1 0.1 0.4 0.4 0.1 1
 1 0.1 0.6 0.9 0.1 0.9 0.6 0.6 0.1 0.6 0.4 0.6 0.1 0.1 0.6 0.6 0.6 0.4 0.4 0.6 0.4 0.6 0.6 0.4 0.4 0.9 2
 1 0.6 0.4 0.9 0.4 0.9 0.6 0.4 0.9 0.9 0.1 0.6 0.9 0.6 0.9 0.1 0.4 0.9 0.1 0.4 0.6 0.1 0.6 0.6 0.1 0.9 3
 1 0.4 0.9 0.1 0.4 0.4 0.9 0.4 0.9 0.1 0.6 0.9 0.6 0.4 0.4 0.6 0.6 0.9 0.6 0.4 0.4 0.4 0.6 0.6 0.4 0.4 4
 1 0.1 0.1 0.1 0.4 0.4 0.1 0.4 0.1 0.4 0.1 0.1 0.4 0.6 0.1 0.1 0.1 0.4 0.6 0.1 0.1 0.1 0.1 0.4 0.1 0.4 5
 1 0.9 0.9 0.6 0.6 0.9 0.6 0.4 0.9 0.4 0.4 0.6 0.6 0.4 0.6 0.9 0.9 0.9 0.4 0.4 0.9 0.1 0.4 0.6 0.4 0.6 1
 1 0.1 0.4 0.1 0.1 0.1 0.1 0.4 0.1 0.1 0.4 0.1 0.1 0.4 0.1 0.1 0.1 0.1 0.1 0.4 0.4 0.6 0.6 0.6 0.1 0.1 2
 1 0.9 0.1 0.6 0.6 0.9 0.4 0.6 0.9 0.6 0.4 0.9 0.9 0.4 0.6 0.6 0.9 0.9 0.6 0.4 0.6 0.1 0.9 0.6 0.9 0.6 3
 1 0.9 0.4 0.9 0.6 0.1 0.9 0.6 0.9 0.9 0.9 0.9 0.9 0.4 0.6 0.4 0.6 0.9 0.9 0.1 0.6 0.9 0.1 0.9 0.9 0.6 4
 1 0.4 0.9 0.6 0.6 0.4 0 0.4 0.4 0.1 0.4 0.4 0.1 0.9 0.4 0.1 0.1 0.9 0.6 0.4 0.9 0.6 0.1 0.6 0.9 0.4 5
 1 0.6 0.1 0.1 0.1 0.9 0.1 0.4 0.1 0.1 0.1 0.4 0.9 0.1 0.1 0.1 0.1 0.9 0.1 0.4 0.1 0.1 0.1 0.6 0.1 0.4 1
 1 0.1 0.1 0.9 0.9 0.9 0.1 0.6 0.4 0.9 0.4 0.4 0.9 0.6 0.6 0.6 0.6 0.9 0.1 0.4 0.6 0.9 0.1 0.6 0.4 0.9 2
 1 0.1 0.9 0.1 0.9 0.9 0.6 0.6 0.4 0.9 0.1 0.4 0.9 0.4 0.9 0.1 0.4 0.9 0.6 0.4 0.9 0.1 0.9 0.6 0.1 0.6 3
 1 0.1 0.1 0.1 0.4 0.6 0.1 0.6 0.1 0.1 0.1 0.1 0.4 0.1 0.1 0.1 0.4 0.4 0.1 0.1 0.1 0.1 0.1 0.4 0.6 0.1 4
 1 0.9 0.4 0.9 0.9 0.4 0.9 0.6 0.4 0.4 0.9 0.9 0.9 0.9 0.4 0.9 0.9 0.6 0.9 0.9 0.9 0.9 0.9 0.1 0.9 0.9 5
 1 0.1 0.4 0.6 0.9 0.4 0.4 0.4 0.6 0.9 0.6 0.6 0.6 0.6 0.9 0.6 0.6 0.4 0.9 0.4 0.4 0.9 0.1 0.6 0.6 0.4 1
 1 0.1 0.4 0.1 0.1 0.1 0.1 0.4 0.1 0.1 0.1 0.1 0.1 0.1 0.4 0.1 0.1 0.4 0.1 0.1 0.1 0.1 0.6 0.1 0.1 0.1 2
 1 0.1 0.1 0.1 0.1 0.1 0.1 0.4 0.1 0.1 0.6 0.1 0.1 0.4 0.1 0.1 0.4 0.1 0.1 0.6 0.1 0.4 0.1 0.1 0.4 0.1 3
 1 0.6 0.9 0.9 0.9 0.4 0.4 0.6 0.9 0.9 0.9 0.6 0.4 0.9 0.9 0.9 0.9 0.9 0.6 0.4 0.6 0.9 0.9 0.6 0.6 0.4 4
 1 0.9 0.9 0.9 0.9 0.1 0.4 0.6 0.6 0.9 0.6 0.4 0.9 0.9 0.9 0.6 0.6 0.6 0.9 0.6 0.4 0.4 0.9 0.4 0.4 0.9 5
 1 0.1 0.6 0.4 0.1 0.6 0.1 0.4 0.4 0.9 0.4 0.4 0.6 0.4 0.6 0.6 0.4 0.4 0.4 0.1 0.1 0.1 0.4 0.1 0.4 0.1 1
 1 0.6 0.4 0.4 0.4 0.4 0.9 0.6 0.4 0.6 0.9 0.6 0.1 0.4 0.6 0.9 0.9 0.9 0.4 0.4 0.9 0.6 0.6 0.6 0.9 0.6 2
 1 0.4 0.1 0.6 0.6 0.4 0.4 0.6 0.4 0.6 0.1 0.9 0.9 0.4 0.6 0.6 0.9 0.1 0.1 0.1 0.9 0.9 0.4 0.6 0.1 0.1 3
 1 0.9 0.9 0.9 0.6 0.4 0.6 0.6 0.9 0.6 0.4 0.9 0.6 0.9 0.6 0.9 0.9 0.9 0.9 0.9 0.6 0.9 0.9 0.6 0.6 0.6 4
 1 0.4 0.4 0.4 0.4 0.4 0.6 0.4 0.1 0.6 0.9 0.6 0.4 0.6 0.4 0.4 0.6 0.1 0.4 0.6 0.9 0.6 0.1 0.4 0.9 0.9 5
 1 0.9 0.4 0.6 0.6 0.4 0.4 0.6 0.6 0.9 0.6 0.6 0.9 0.9 0.9 0.6 0.4 0.6 0 0.4 0.6 0.6 0.6 0.4 0.9 0.1 1
 1 0.4 0.1 0.4 0.6 0.1 0.4 0.6 0.9 0.6 0.1 0.1 0.1 0.6 0.6 0.6 0.6 0.6 0.9 0.6 0.6 0.9 0.6 0.6 0.1 0.9 2
 1 0.6 0.9 0.4 0.4 0.6 0.1 0.6 0.6 0.4 0.4 0.6 0.9 0.1 0.1 0.4 0.4 0.6 0 0.1 0.4 0.6 0.1 0.6 0.1 0.4 3
 1 0.9 0.9 0.1 0.4 0.9 0.6 0.6 0.9 0.6 0.6 0.6 0.9 0.4 0.9 0.4 0.6 0.6 0.6 0.6 0.6 0.4 0.4 0.6 0.6 0.4 4
 1 0.9 0.1 0.4 0.4 0.1 0.4 0.4 0.4 0.9 0.6 0.4 0.4 0.1 0.4 0.4 0.1 0.1 0.4 0.4 0.6 0.1 0.6 0.4 0.4 0.1 5
 1 0.1 0.4 0.1 0.1 0.4 0.1 0 0.1 0.1 0.1 0.1 0.4 0.4 0.1 0.1 0.1 0.1 0.4 0.1 0.1 0.1 0.1 0.4 0.1 0.1 1
 1 0.9 0.9 0.9 0.9 0.4 0.9 0.4 0.9 0.9 0.9 0.6 0.9 0.6 0.9 0.6 0.9 0.9 0.6 0.6 0.9 0.6 0.9 0.6 0.6 0.4 2
 1 0.4 0.1 0.9 0.4 0.1 0.6 0.6 0.6 0.6 0.6 0.6 0.9 0.6 0.4 0.6 0.6 0.4 0.4 0.4 0.4 0.6 0.6 0.6 0.4 0 3
 1 0.1 0.6 0.1 0.1 0.4 0.6 0.4 0.1 0.1 0.4 0.1 0.9 0.1 0.1 0.1 0.1 0.1 0.9 0.1 0.4 0.6 0.1 0.4 0.1 0.6 4
 1 0.6 0.6 0.4 0.6 0.1 0.4 0.6 0.1 0.6 0.4 0.4 0.1 0.4 0.6 0.9 0.4 0.6 0.1 0.6 0.4 0.1 0.4 0.4 0.6 0.4 1
 1 0.6 0.6 0.6 0.4 0.9 0.4 0.6 0.9 0.4 0.9 0.9 0.1 0.6 0.6 0.6 0.9 0.4 0.4 0.6 0.9 0.1 0.6 0.4 0.4 0.6 2
 1 0.4 0.9 0.6 0.4 0.4 0.4 0.6 0.6 0.6 0.9 0.4 0.1 0.4 0.6 0.6 0.6 0.1 0.4 0.4 0.9 0.6 0.4 0.4 0.6 0.4 3
 1 0.4 0.1 0.1 0.1 0.4 0.1 0.4 0.4 0.9 0.1 0.1 0.1 0.1 0.6 0.4 0.1 0.1 0.6 0.4 0.1 0.1 0.1 0.6 0.4 0.1 4
 1 0.1 0.1 0.1 0.1 0.9 0 0.6 0.1 0.4 0.1 0.6 0.1 0.4 0.6 0.4 0.4 0.4 0.4 0.1 0.4 0.6 0.6 0.1 0.1 0.6 5
 1 0.1 0.4 0.1 0.1 0.6 0.1 0.4 0.1 0.1 0.4 0.4 0.1 0.1 0.1 0.6 0.6 0.1 0.6 0.6 0.9 0.6 0.1 0.6 0.1 0.9 1
 1 0.9 0.9 0.4 0.6 0.6 0.1 0.6 0.4 0.4 0.4 0.6 0.4 0.4 0.6 0.1 0.6 0.4 0.4 0.9 0.4 0.6 0.6 0.4 0.4 0.1 2
 1 0.9 0.9 0.6 0.9 0.9 0.9 0.6 0.9 0.9 0.9 0.6 0.9 0.6 0.9 0.4 0.9 0.9 0.9 0.6 0.4 0.9 0.9 0.4 0.6 0.1 3
 1 0.4 0.6 0.6 0.4 0.1 0.9 0.4 0.1 0.6 0.6 0.4 0.4 0.6 0.6 0.9 0.6 0.4 0.6 0.1 0.9 0.9 0.4 0.6 0.4 0.4 4
 1 0.1 0.4 0.1 0.1 0.4 0.4 0.4 0.6 0.4 0.4 0.4 0.1 0.1 0.4 0.6 0.1 0.1 0.4 0.4 0.1 0.1 0.4 0.1 0.4 0.1 5
 1 0.9 0.1 0.9 0.4 0.4 0.9 0.6 0.4 0.6 0.4 0.6 0.9 0.4 0.9 0.4 0.1 0.6 0.4 0.4 0.9 0.9 0.4 0.4 0.4 0.6 1
 1 0.6 0.9 0.9 0.6 0.4 0.9 0.6 0.4 0.9 0.6 0.9 0.9 0.9 0.9 0.9 0.9 0.9 0.4 0.1 0.9 0.9 0.9 0.9 0.6 0.9 2
 1 0.4 0.4 0.4 0.6 0.6 0.6 0.6 0.4 0.4 0.4 0.4 0.9 0.6 0.4 0.4 0.6 0.9 0.4 0.9 0.6 0.1 0.1 0.4 0.6 0.4 3
 1 0.9 0.9 0.9 0.9 0.9 0.9 0.6 0.9 0.9 0.9 0.9 0.9 0.9 0.9 0.9 0.9 0.9 0.9 0.9 0.9 0.6 0.9 0.9 0.6 0.9 4
 1 0.1 0.1 0.4 0.1 0.6 0.4 0.4 0.4 0.4 0.9 0.6 0.1 0.4 0.1 0.1 0.4 0.1 0.4 0.4 0.6 0.4 0.1 0.4 0.4 0.6 5
 1 0.6 0.4 0.1 0.4 0.6 0.6 0.6 0.4 0.9 0.6 0.1 0 0.1 0.6 0.6 0.4 0.4 0.4 0.1 0.4 0.1 0.4 0.4 0.4 0.4 1
 1 0.4 0.9 0.6 0.4 0.6 0.6 0.6 0.6 0.9 0.4 0.4 0.1 0.4 0.9 0.4 0.4 0.4 0.6 0.1 0.1 0.9 0.6 0.4 0.4 0.4 2
 1 0.9 0.1 0.1 0.4 0.1 0.4 0.4 0.4 0.1 0.1 0.1 0.1 0.4 0.1 0.1 0.1 0.4 0.4 0.4 0.1 0.1 0.4 0.1 0.4 0.4 3
 1 0.1 0.6 0.1 0.4 0.1 0.4 0.4 0.1 0.1 0.1 0.1 0.4 0.4 0.1 0.4 0.1 0.1 0.1 0.4 0.9 0.9 0.1 0.4 0.1 0.1 4
 1 0.1 0.1 0.6 0.4 0.6 0.6 0.6 0.1 0.4 0.4 0.4 0.1 0.6 0.6 0.1 0.9 0.1 0.1 0.4 0.4 0.4 0.6 0.6 0.6 0.6 5
 1 0.1 0.1 0.1 0.1 0.1 0.1 0.4 0.1 0.1 0.1 0.1 0.1 0.1 0.1 0.1 0.1 0.1 0.4 0.1 0.1 0.1 0.1 0.1 0.1 0.4 1
 1 0.4 0.4 0.1 0.1 0.1 0.6 0.4 0.1 0.1 0.4 0.1 0.1 0.1 0.4 0.1 0.4 0.1 0.1 0.1 0.6 0.4 0.4 0.1 0.1 0.1 2
 1 0.4 0.4 0.1 0.4 0.1 0.6 0.4 0.1 0.1 0.4 0.4 0.1 0.6 0.4 0.9 0.4 0.4 0.6 0.9 0.4 0.6 0.4 0.9 0.6 0.1 3
 1 0.6 0.6 0.1 0.4 0.4 0.4 0.6 0.6 0.4 0.1 0.1 0.9 0.4 0.1 0.1 0.4 0.4 0.1 0.4 0.4 0.1 0.6 0.4 0.4 0.6 4
 1 0.9 0.6 0.6 0.9 0.1 0.9 0.4 0.9 0.9 0.9 0.9 0.1 0.9 0.9 0.9 0.9 0.9 0.4 0.9 0.4 0.9 0.9 0.4 0.9 0.6 1
 1 0.4 0.6 0.4 0.9 0.9 0.9 0.6 0.6 0.6 0.9 0.6 0.6 0.6 0.4 0.9 0.6 0.4 0.9 0.9 0.4 0.1 0.4 0.6 0.9 0.9 2
 1 0.1 0.1 0.1 0.4 0.1 0.1 0.4 0.1 0.1 0.1 0.1 0.6 0.1 0.1 0.9 0.1 0.4 0.4 0.4 0.1 0.4 0.4 0 0.4 0.4 3
 1 0.1 0.4 0.1 0.6 0.1 0.1 0.4 0.4 0.1 0.1 0.1 0.1 0.1 0.1 0.6 0.1 0.1 0.6 0.1 0.4 0.1 0.1 0.1 0.1 0.1 4
 1 0.9 0.9 0.4 0.6 0.1 0.1 0.4 0.9 0.4 0.6 0.6 0.4 0.4 0.4 0.6 0.6 0.1 0.6 0.4 0.6 0.9 0.9 0.6 0.6 0.6 5
 1 0.9 0.9 0.6 0.6 0.9 0.6 0.4 0.9 0.6 0.9 0.6 0.9 0.6 0.6 0.9 0.6 0.9 0.9 0.6 0.9 0.1 0.9 0.4 0.9 0.6 1
 1 0.4 0.9 0.4 0.4 0.9 0.4 0.6 0.9 0.9 0.9 0.6 0.4 0.9 0.9 0.6 0.6 0.6 0.9 0 0.9 0.9 0.6 0.6 0.4 0.9 2
 1 0.9 0.4 0.9 0.9 0.4 0.6 0.6 0.6 0.4 0.6 0.4 0.6 0.9 0.4 0.6 0.4 0.6 0.4 0.6 0.9 0.9 0.4 0.4 0.6 0.6 3
 1 0.9 0.9 0.9 0.9 0.1 0.6 0.6 0.9 0.4 0.1 0.1 0.1 0.6 0.4 0.9 0.4 0.9 0.4 0.4 0.6 0.4 0.6 0.9 0.4 0.4 4
 1 0.6 0.9 0.6 0.6 0.4 0.6 0.4 0.9 0.9 0.4 0.9 0.1 0.1 0.4 0.6 0.6 0.6 0.6 0.6 0.1 0.1 0.9 0.4 0.4 0.6 5
 1 0.9 0.1 0.1 0.6 0.1 0.6 0.6 0.9 0.4 0.9 0.9 0.1 0.4 0.4 0.9 0.6 0.9 0.6 0.6 0.1 0.1 0.9 0.9 0.4 0.4 1
 1 0.1 0.6 0.4 0.4 0.9 0.4 0.4 0.9 0.4 0.6 0.1 0.1 0.4 0.4 0.1 0.1 0.9 0.4 0.4 0.1 0.1 0.1 0.4 0.4 0.4 2
 1 0.9 0.6 0.1 0.4 0.1 0.6 0.4 0.6 0.9 0.9 0.1 0.6 0.4 0.9 0.4 0.4 0.6 0.1 0.4 0.6 0.4 0.6 0.1 0.9 0.1 3
 1 0.1 0.1 0.1 0.1 0.1 0.4 0.4 0.1 0.1 0.1 0.4 0.4 0.4 0.1 0.6 0.1 0.9 0.1 0.4 0.1 0.1 0.1 0.4 0.1 0.1 4
 1 0.1 0.1 0.1 0.1 0.1 0.4 0.4 0.1 0.1 0.1 0.1 0.1 0.1 0.1 0.1 0.6 0.6 0.1 0.4 0.1 0.1 0.1 0.1 0.1 0.1 5
