# Created by Octave 4.0.0, Mon Apr 16 22:24:35 2018 MST <gesposito@rabbit>
# name: u_X
# type: matrix
# rows: 753
# columns: 26
 1 0.9 0.9 0.6 0.6 0.6 0.6 0.6 0.4 0.9 0.1 0.9 0.9 0.9 0.6 0.6 0.6 0.9 0.9 0.6 0.6 0.9 0.4 0.6 0 0.9
 1 0.9 0.4 0.1 0.6 0.9 0.6 0.6 0.4 0.9 0.9 0.4 0.9 0.9 0.9 0.4 0.4 0.6 0.9 0.9 0.6 0.6 0.1 0.6 0.4 0.6
 1 0.1 0.4 0.4 0.6 0.1 0.1 0.4 0.6 0.6 0.4 0.1 0.4 0.1 0.9 0.1 0.1 0.9 0.1 0.9 0.1 0.1 0.1 0.4 0.4 0.1
 1 0.1 0.6 0.9 0.1 0.9 0.6 0.6 0.1 0.6 0.4 0.6 0.1 0.1 0.6 0.6 0.6 0.4 0.4 0.6 0.4 0.6 0.6 0.4 0.4 0.9
 1 0.6 0.4 0.9 0.4 0.9 0.6 0.4 0.9 0.9 0.1 0.6 0.9 0.6 0.9 0.1 0.4 0.9 0.1 0.4 0.6 0.1 0.6 0.6 0.1 0.9
 1 0.4 0.9 0.1 0.4 0.4 0.9 0.4 0.9 0.1 0.6 0.9 0.6 0.4 0.4 0.6 0.6 0.9 0.6 0.4 0.4 0.4 0.6 0.6 0.4 0.4
 1 0.1 0.1 0.1 0.4 0.4 0.1 0.4 0.1 0.4 0.1 0.1 0.4 0.6 0.1 0.1 0.1 0.4 0.6 0.1 0.1 0.1 0.1 0.4 0.1 0.4
 1 0.9 0.9 0.6 0.6 0.9 0.6 0.4 0.9 0.4 0.4 0.6 0.6 0.4 0.6 0.9 0.9 0.9 0.4 0.4 0.9 0.1 0.4 0.6 0.4 0.6
 1 0.1 0.4 0.1 0.1 0.1 0.1 0.4 0.1 0.1 0.4 0.1 0.1 0.4 0.1 0.1 0.1 0.1 0.1 0.4 0.4 0.6 0.6 0.6 0.1 0.1
 1 0.9 0.1 0.6 0.6 0.9 0.4 0.6 0.9 0.6 0.4 0.9 0.9 0.4 0.6 0.6 0.9 0.9 0.6 0.4 0.6 0.1 0.9 0.6 0.9 0.6
 1 0.9 0.4 0.9 0.6 0.1 0.9 0.6 0.9 0.9 0.9 0.9 0.9 0.4 0.6 0.4 0.6 0.9 0.9 0.1 0.6 0.9 0.1 0.9 0.9 0.6
 1 0.4 0.9 0.6 0.6 0.4 0 0.4 0.4 0.1 0.4 0.4 0.1 0.9 0.4 0.1 0.1 0.9 0.6 0.4 0.9 0.6 0.1 0.6 0.9 0.4
 1 0.6 0.1 0.1 0.1 0.9 0.1 0.4 0.1 0.1 0.1 0.4 0.9 0.1 0.1 0.1 0.1 0.9 0.1 0.4 0.1 0.1 0.1 0.6 0.1 0.4
 1 0.1 0.1 0.9 0.9 0.9 0.1 0.6 0.4 0.9 0.4 0.4 0.9 0.6 0.6 0.6 0.6 0.9 0.1 0.4 0.6 0.9 0.1 0.6 0.4 0.9
 1 0.1 0.9 0.1 0.9 0.9 0.6 0.6 0.4 0.9 0.1 0.4 0.9 0.4 0.9 0.1 0.4 0.9 0.6 0.4 0.9 0.1 0.9 0.6 0.1 0.6
 1 0.1 0.1 0.1 0.4 0.6 0.1 0.6 0.1 0.1 0.1 0.1 0.4 0.1 0.1 0.1 0.4 0.4 0.1 0.1 0.1 0.1 0.1 0.4 0.6 0.1
 1 0.9 0.4 0.9 0.9 0.4 0.9 0.6 0.4 0.4 0.9 0.9 0.9 0.9 0.4 0.9 0.9 0.6 0.9 0.9 0.9 0.9 0.9 0.1 0.9 0.9
 1 0.1 0.4 0.6 0.9 0.4 0.4 0.4 0.6 0.9 0.6 0.6 0.6 0.6 0.9 0.6 0.6 0.4 0.9 0.4 0.4 0.9 0.1 0.6 0.6 0.4
 1 0.1 0.4 0.1 0.1 0.1 0.1 0.4 0.1 0.1 0.1 0.1 0.1 0.1 0.4 0.1 0.1 0.4 0.1 0.1 0.1 0.1 0.6 0.1 0.1 0.1
 1 0.1 0.1 0.1 0.1 0.1 0.1 0.4 0.1 0.1 0.6 0.1 0.1 0.4 0.1 0.1 0.4 0.1 0.1 0.6 0.1 0.4 0.1 0.1 0.4 0.1
 1 0.6 0.9 0.9 0.9 0.4 0.4 0.6 0.9 0.9 0.9 0.6 0.4 0.9 0.9 0.9 0.9 0.9 0.6 0.4 0.6 0.9 0.9 0.6 0.6 0.4
 1 0.9 0.9 0.9 0.9 0.1 0.4 0.6 0.6 0.9 0.6 0.4 0.9 0.9 0.9 0.6 0.6 0.6 0.9 0.6 0.4 0.4 0.9 0.4 0.4 0.9
 1 0.1 0.6 0.4 0.1 0.6 0.1 0.4 0.4 0.9 0.4 0.4 0.6 0.4 0.6 0.6 0.4 0.4 0.4 0.1 0.1 0.1 0.4 0.1 0.4 0.1
 1 0.6 0.4 0.4 0.4 0.4 0.9 0.6 0.4 0.6 0.9 0.6 0.1 0.4 0.6 0.9 0.9 0.9 0.4 0.4 0.9 0.6 0.6 0.6 0.9 0.6
 1 0.4 0.1 0.6 0.6 0.4 0.4 0.6 0.4 0.6 0.1 0.9 0.9 0.4 0.6 0.6 0.9 0.1 0.1 0.1 0.9 0.9 0.4 0.6 0.1 0.1
 1 0.9 0.9 0.9 0.6 0.4 0.6 0.6 0.9 0.6 0.4 0.9 0.6 0.9 0.6 0.9 0.9 0.9 0.9 0.9 0.6 0.9 0.9 0.6 0.6 0.6
 1 0.4 0.4 0.4 0.4 0.4 0.6 0.4 0.1 0.6 0.9 0.6 0.4 0.6 0.4 0.4 0.6 0.1 0.4 0.6 0.9 0.6 0.1 0.4 0.9 0.9
 1 0.9 0.4 0.6 0.6 0.4 0.4 0.6 0.6 0.9 0.6 0.6 0.9 0.9 0.9 0.6 0.4 0.6 0 0.4 0.6 0.6 0.6 0.4 0.9 0.1
 1 0.4 0.1 0.4 0.6 0.1 0.4 0.6 0.9 0.6 0.1 0.1 0.1 0.6 0.6 0.6 0.6 0.6 0.9 0.6 0.6 0.9 0.6 0.6 0.1 0.9
 1 0.6 0.9 0.4 0.4 0.6 0.1 0.6 0.6 0.4 0.4 0.6 0.9 0.1 0.1 0.4 0.4 0.6 0 0.1 0.4 0.6 0.1 0.6 0.1 0.4
 1 0.9 0.9 0.1 0.4 0.9 0.6 0.6 0.9 0.6 0.6 0.6 0.9 0.4 0.9 0.4 0.6 0.6 0.6 0.6 0.6 0.4 0.4 0.6 0.6 0.4
 1 0.9 0.1 0.4 0.4 0.1 0.4 0.4 0.4 0.9 0.6 0.4 0.4 0.1 0.4 0.4 0.1 0.1 0.4 0.4 0.6 0.1 0.6 0.4 0.4 0.1
 1 0.1 0.4 0.1 0.1 0.4 0.1 0 0.1 0.1 0.1 0.1 0.4 0.4 0.1 0.1 0.1 0.1 0.4 0.1 0.1 0.1 0.1 0.4 0.1 0.1
 1 0.9 0.9 0.9 0.9 0.4 0.9 0.4 0.9 0.9 0.9 0.6 0.9 0.6 0.9 0.6 0.9 0.9 0.6 0.6 0.9 0.6 0.9 0.6 0.6 0.4
 1 0.4 0.1 0.9 0.4 0.1 0.6 0.6 0.6 0.6 0.6 0.6 0.9 0.6 0.4 0.6 0.6 0.4 0.4 0.4 0.4 0.6 0.6 0.6 0.4 0
 1 0.1 0.6 0.1 0.1 0.4 0.6 0.4 0.1 0.1 0.4 0.1 0.9 0.1 0.1 0.1 0.1 0.1 0.9 0.1 0.4 0.6 0.1 0.4 0.1 0.6
 1 0.6 0.6 0.4 0.6 0.1 0.4 0.6 0.1 0.6 0.4 0.4 0.1 0.4 0.6 0.9 0.4 0.6 0.1 0.6 0.4 0.1 0.4 0.4 0.6 0.4
 1 0.6 0.6 0.6 0.4 0.9 0.4 0.6 0.9 0.4 0.9 0.9 0.1 0.6 0.6 0.6 0.9 0.4 0.4 0.6 0.9 0.1 0.6 0.4 0.4 0.6
 1 0.4 0.9 0.6 0.4 0.4 0.4 0.6 0.6 0.6 0.9 0.4 0.1 0.4 0.6 0.6 0.6 0.1 0.4 0.4 0.9 0.6 0.4 0.4 0.6 0.4
 1 0.4 0.1 0.1 0.1 0.4 0.1 0.4 0.4 0.9 0.1 0.1 0.1 0.1 0.6 0.4 0.1 0.1 0.6 0.4 0.1 0.1 0.1 0.6 0.4 0.1
 1 0.1 0.1 0.1 0.1 0.9 0 0.6 0.1 0.4 0.1 0.6 0.1 0.4 0.6 0.4 0.4 0.4 0.4 0.1 0.4 0.6 0.6 0.1 0.1 0.6
 1 0.1 0.4 0.1 0.1 0.6 0.1 0.4 0.1 0.1 0.4 0.4 0.1 0.1 0.1 0.6 0.6 0.1 0.6 0.6 0.9 0.6 0.1 0.6 0.1 0.9
 1 0.9 0.9 0.4 0.6 0.6 0.1 0.6 0.4 0.4 0.4 0.6 0.4 0.4 0.6 0.1 0.6 0.4 0.4 0.9 0.4 0.6 0.6 0.4 0.4 0.1
 1 0.9 0.9 0.6 0.9 0.9 0.9 0.6 0.9 0.9 0.9 0.6 0.9 0.6 0.9 0.4 0.9 0.9 0.9 0.6 0.4 0.9 0.9 0.4 0.6 0.1
 1 0.4 0.6 0.6 0.4 0.1 0.9 0.4 0.1 0.6 0.6 0.4 0.4 0.6 0.6 0.9 0.6 0.4 0.6 0.1 0.9 0.9 0.4 0.6 0.4 0.4
 1 0.1 0.4 0.1 0.1 0.4 0.4 0.4 0.6 0.4 0.4 0.4 0.1 0.1 0.4 0.6 0.1 0.1 0.4 0.4 0.1 0.1 0.4 0.1 0.4 0.1
 1 0.9 0.1 0.9 0.4 0.4 0.9 0.6 0.4 0.6 0.4 0.6 0.9 0.4 0.9 0.4 0.1 0.6 0.4 0.4 0.9 0.9 0.4 0.4 0.4 0.6
 1 0.6 0.9 0.9 0.6 0.4 0.9 0.6 0.4 0.9 0.6 0.9 0.9 0.9 0.9 0.9 0.9 0.9 0.4 0.1 0.9 0.9 0.9 0.9 0.6 0.9
 1 0.4 0.4 0.4 0.6 0.6 0.6 0.6 0.4 0.4 0.4 0.4 0.9 0.6 0.4 0.4 0.6 0.9 0.4 0.9 0.6 0.1 0.1 0.4 0.6 0.4
 1 0.9 0.9 0.9 0.9 0.9 0.9 0.6 0.9 0.9 0.9 0.9 0.9 0.9 0.9 0.9 0.9 0.9 0.9 0.9 0.9 0.6 0.9 0.9 0.6 0.9
 1 0.1 0.1 0.4 0.1 0.6 0.4 0.4 0.4 0.4 0.9 0.6 0.1 0.4 0.1 0.1 0.4 0.1 0.4 0.4 0.6 0.4 0.1 0.4 0.4 0.6
 1 0.6 0.4 0.1 0.4 0.6 0.6 0.6 0.4 0.9 0.6 0.1 0 0.1 0.6 0.6 0.4 0.4 0.4 0.1 0.4 0.1 0.4 0.4 0.4 0.4
 1 0.4 0.9 0.6 0.4 0.6 0.6 0.6 0.6 0.9 0.4 0.4 0.1 0.4 0.9 0.4 0.4 0.4 0.6 0.1 0.1 0.9 0.6 0.4 0.4 0.4
 1 0.9 0.1 0.1 0.4 0.1 0.4 0.4 0.4 0.1 0.1 0.1 0.1 0.4 0.1 0.1 0.1 0.4 0.4 0.4 0.1 0.1 0.4 0.1 0.4 0.4
 1 0.1 0.6 0.1 0.4 0.1 0.4 0.4 0.1 0.1 0.1 0.1 0.4 0.4 0.1 0.4 0.1 0.1 0.1 0.4 0.9 0.9 0.1 0.4 0.1 0.1
 1 0.1 0.1 0.6 0.4 0.6 0.6 0.6 0.1 0.4 0.4 0.4 0.1 0.6 0.6 0.1 0.9 0.1 0.1 0.4 0.4 0.4 0.6 0.6 0.6 0.6
 1 0.1 0.1 0.1 0.1 0.1 0.1 0.4 0.1 0.1 0.1 0.1 0.1 0.1 0.1 0.1 0.1 0.1 0.4 0.1 0.1 0.1 0.1 0.1 0.1 0.4
 1 0.4 0.4 0.1 0.1 0.1 0.6 0.4 0.1 0.1 0.4 0.1 0.1 0.1 0.4 0.1 0.4 0.1 0.1 0.1 0.6 0.4 0.4 0.1 0.1 0.1
 1 0.4 0.4 0.1 0.4 0.1 0.6 0.4 0.1 0.1 0.4 0.4 0.1 0.6 0.4 0.9 0.4 0.4 0.6 0.9 0.4 0.6 0.4 0.9 0.6 0.1
 1 0.6 0.6 0.1 0.4 0.4 0.4 0.6 0.6 0.4 0.1 0.1 0.9 0.4 0.1 0.1 0.4 0.4 0.1 0.4 0.4 0.1 0.6 0.4 0.4 0.6
 1 0.9 0.6 0.6 0.9 0.1 0.9 0.4 0.9 0.9 0.9 0.9 0.1 0.9 0.9 0.9 0.9 0.9 0.4 0.9 0.4 0.9 0.9 0.4 0.9 0.6
 1 0.4 0.6 0.4 0.9 0.9 0.9 0.6 0.6 0.6 0.9 0.6 0.6 0.6 0.4 0.9 0.6 0.4 0.9 0.9 0.4 0.1 0.4 0.6 0.9 0.9
 1 0.1 0.1 0.1 0.4 0.1 0.1 0.4 0.1 0.1 0.1 0.1 0.6 0.1 0.1 0.9 0.1 0.4 0.4 0.4 0.1 0.4 0.4 0 0.4 0.4
 1 0.1 0.4 0.1 0.6 0.1 0.1 0.4 0.4 0.1 0.1 0.1 0.1 0.1 0.1 0.6 0.1 0.1 0.6 0.1 0.4 0.1 0.1 0.1 0.1 0.1
 1 0.9 0.9 0.4 0.6 0.1 0.1 0.4 0.9 0.4 0.6 0.6 0.4 0.4 0.4 0.6 0.6 0.1 0.6 0.4 0.6 0.9 0.9 0.6 0.6 0.6
 1 0.9 0.9 0.6 0.6 0.9 0.6 0.4 0.9 0.6 0.9 0.6 0.9 0.6 0.6 0.9 0.6 0.9 0.9 0.6 0.9 0.1 0.9 0.4 0.9 0.6
 1 0.4 0.9 0.4 0.4 0.9 0.4 0.6 0.9 0.9 0.9 0.6 0.4 0.9 0.9 0.6 0.6 0.6 0.9 0 0.9 0.9 0.6 0.6 0.4 0.9
 1 0.9 0.4 0.9 0.9 0.4 0.6 0.6 0.6 0.4 0.6 0.4 0.6 0.9 0.4 0.6 0.4 0.6 0.4 0.6 0.9 0.9 0.4 0.4 0.6 0.6
 1 0.9 0.9 0.9 0.9 0.1 0.6 0.6 0.9 0.4 0.1 0.1 0.1 0.6 0.4 0.9 0.4 0.9 0.4 0.4 0.6 0.4 0.6 0.9 0.4 0.4
 1 0.6 0.9 0.6 0.6 0.4 0.6 0.4 0.9 0.9 0.4 0.9 0.1 0.1 0.4 0.6 0.6 0.6 0.6 0.6 0.1 0.1 0.9 0.4 0.4 0.6
 1 0.9 0.1 0.1 0.6 0.1 0.6 0.6 0.9 0.4 0.9 0.9 0.1 0.4 0.4 0.9 0.6 0.9 0.6 0.6 0.1 0.1 0.9 0.9 0.4 0.4
 1 0.1 0.6 0.4 0.4 0.9 0.4 0.4 0.9 0.4 0.6 0.1 0.1 0.4 0.4 0.1 0.1 0.9 0.4 0.4 0.1 0.1 0.1 0.4 0.4 0.4
 1 0.9 0.6 0.1 0.4 0.1 0.6 0.4 0.6 0.9 0.9 0.1 0.6 0.4 0.9 0.4 0.4 0.6 0.1 0.4 0.6 0.4 0.6 0.1 0.9 0.1
 1 0.1 0.1 0.1 0.1 0.1 0.4 0.4 0.1 0.1 0.1 0.4 0.4 0.4 0.1 0.6 0.1 0.9 0.1 0.4 0.1 0.1 0.1 0.4 0.1 0.1
 1 0.1 0.1 0.1 0.1 0.1 0.4 0.4 0.1 0.1 0.1 0.1 0.1 0.1 0.1 0.1 0.6 0.6 0.1 0.4 0.1 0.1 0.1 0.1 0.1 0.1
 1 0.4 0.9 0.1 0.4 0.6 0.4 0.6 0.9 0.4 0.4 0.4 0.9 0.1 0.4 0.6 0.6 0.1 0.6 0.6 0.1 0 0.1 0.4 0 0.6
