# Created by Octave 4.0.0, Sun Apr 22 22:49:37 2018 MST <gesposito@rabbit>
# name: jM_t
# type: matrix
# rows: 94
# columns: 27
 1 0 1 -1 2 0 1 0 0 0 -1 2 -1 1 0 2 0 2 -1 -1 2 -1 2 2 60 20 5
 1 0 1 -1 2 0 0 1 0 0 -1 0 -1 0 0 2 0 2 -1 -1 2 2 2 0 62 20 3
 1 0 1 -1 1 0 1 0 0 0 -1 1 -1 0 0 1 0 2 -1 -1 2 1 2 0 32 12 2
 1 1 0 1 1 0 1 0 0 0 -1 2 -1 1 2 2 0 2 -1 -1 2 2 2 0 20 2 8
 1 0 1 -1 2 0 0 1 0 1 -1 2 -1 0 2 2 0 2 -1 -1 0 1 2 0 22 -2 4
 1 0 1 -1 2 0 0 1 0 0 -1 2 -1 0 0 1 0 0 -1 -1 2 1 2 0 30 15 1
 1 1 0 -1 0 1 1 0 0 0 -1 2 -1 0 0 1 0 2 -1 -1 2 0 2 2 2 10 4
 1 0 1 -1 1 0 1 0 0 0 -1 1 2 0 0 2 0 2 1 -1 0 0 2 0 24 18 5
 1 1 0 -1 1 1 1 0 0 0 2 2 1 0 2 1 0 2 1 0 0 0 2 0 6 4 10
 1 1 0 -1 2 0 1 0 0 0 2 2 2 0 0 1 0 2 0 0 0 1 2 0 14 2 9
 1 0 1 -1 2 0 0 0 1 0 -1 -1 2 -1 -1 -1 -1 -1 0 0 -1 -1 -1 -1 30 18 -12
 1 0 1 -1 1 1 1 0 0 0 2 2 2 0 0 1 0 2 1 0 0 2 2 0 40 30 11
 1 1 0 -1 1 1 1 0 0 0 2 2 1 1 0 2 0 2 1 0 2 1 0 0 40 20 11
 1 1 0 -1 2 0 1 0 0 0 0 2 1 1 0 2 0 2 0 0 2 0 2 0 34 18 9
 1 1 0 1 1 0 1 0 1 0 2 2 2 0 0 2 0 2 0 0 0 1 2 2 2 -8 12
 1 1 0 1 1 0 1 0 0 0 2 2 0 0 0 2 0 2 1 0 2 0 2 0 20 22 10
 1 1 0 1 0 0 1 0 0 0 2 2 1 0 0 2 0 2 0 0 0 1 2 0 10 8 9
 1 0 1 -1 1 1 1 0 0 0 2 1 2 0 0 0 0 0 0 0 2 0 2 2 32 30 8
 1 0 1 -1 2 0 1 0 0 0 2 2 2 0 2 2 0 2 2 0 2 0 2 0 28 10 15
 1 1 0 -1 1 1 1 0 0 0 -1 -1 1 1 -1 -1 -1 -1 2 0 -1 1 2 -1 30 26 -4
 1 1 0 -1 2 0 1 0 0 0 2 2 2 0 0 1 0 2 0 0 2 1 2 0 24 10 11
 1 1 0 -1 1 0 1 0 1 0 2 2 1 0 0 1 0 2 1 0 0 1 2 0 18 0 9
 1 0 1 1 4 1 0 1 0 0 2 2 2 0 0 1 0 2 2 0 0 0 2 0 20 10 10
 1 1 0 -1 2 0 1 0 0 0 2 2 2 0 0 0 0 0 0 0 0 1 2 0 20 0 6
 1 0 1 -1 1 0 1 0 0 0 2 1 2 0 0 2 0 2 0 0 2 0 2 0 40 20 10
 1 0 1 1 2 0 1 0 0 0 2 1 1 0 0 2 0 2 1 2 2 0 2 0 50 0 12
 1 1 0 -1 3 0 1 0 0 0 2 2 2 1 0 1 0 2 0 0 0 1 0 2 30 16 10
 1 1 0 1 2 1 1 0 0 0 2 2 2 0 2 1 0 2 0 0 2 1 0 0 22 6 11
 1 1 0 -1 1 1 1 0 0 0 -1 -1 1 -1 -1 -1 -1 -1 1 0 -1 -1 -1 -1 40 20 -12
 1 0 1 -1 1 1 1 0 0 0 2 2 2 0 0 2 0 2 0 0 2 1 2 0 60 20 12
 1 0 1 -1 2 1 1 0 0 0 2 2 1 1 0 2 0 2 0 0 2 0 2 2 35 5 13
 1 1 0 -1 1 0 1 0 0 0 2 2 2 1 0 1 0 2 0 0 2 0 2 2 10 0 13
 1 0 1 -1 2 1 1 0 0 0 2 2 1 0 2 -1 0 -1 0 0 2 2 2 0 40 20 8
 1 0 1 -1 1 1 1 0 0 0 2 2 0 1 0 1 0 2 0 0 0 1 2 0 54 18 8
 1 0 1 -1 2 0 1 0 0 0 2 2 0 -1 0 2 0 2 0 0 2 -1 2 2 40 0 9
 1 0 1 -1 1 0 1 0 1 0 2 2 2 1 0 2 0 2 0 0 0 2 0 0 40 10 10
 1 0 1 1 3 1 0 1 1 0 2 0 2 1 0 2 0 2 1 0 2 0 0 0 14 15 9
 1 1 0 -1 1 1 0 1 0 0 2 2 1 0 0 1 2 2 0 0 0 0 0 0 14 20 7
 1 1 0 1 2 0 1 0 0 0 2 2 2 0 2 2 0 2 1 0 0 1 2 0 30 30 13
 1 0 1 1 1 1 1 0 0 0 0 2 -1 0 0 2 0 2 -1 -1 2 1 0 0 2 6 3
 1 0 1 1 1 0 1 0 0 0 2 2 2 0 0 0 0 0 1 0 2 0 2 0 40 40 8
 1 1 0 0 1 1 0 0 1 1 -1 -1 -1 -1 -1 -1 -1 -1 -1 -1 -1 -1 -1 -1 40 0 -17
 1 1 0 1 2 0 1 0 1 0 2 2 -1 0 0 2 0 2 -1 -1 2 0 2 0 8 8 6
 1 1 0 -1 2 1 1 0 0 0 2 2 2 0 0 -1 0 -1 1 0 2 0 2 0 52 8 6
 1 1 0 1 1 0 1 0 0 0 0 2 1 1 0 0 0 0 1 0 2 0 2 2 26 10 8
 1 0 1 -1 2 1 0 1 0 0 2 2 0 2 0 0 0 0 2 0 2 1 2 2 4 2 12
 1 1 0 1 0 0 1 0 0 0 2 2 2 2 2 1 0 2 0 0 2 1 2 2 18 4 17
 1 0 1 1 2 0 1 0 0 0 2 2 2 1 0 2 0 2 1 0 2 0 2 0 15 15 13
 1 0 1 -1 0 1 1 0 0 0 -1 -1 2 -1 -1 -1 -1 -1 2 0 -1 -1 -1 -1 20 0 -10
 1 1 0 0 1 0 0 0 1 0 2 2 2 0 2 2 0 2 2 0 2 0 0 2 0 0 15
 1 1 0 1 1 1 0 1 0 1 2 2 0 0 0 0 0 0 1 0 2 0 2 0 64 12 6
 1 1 0 -1 2 1 1 0 1 0 2 2 1 2 0 0 0 0 2 0 2 0 2 2 32 18 12
 1 0 1 0 2 0 0 0 1 0 2 2 2 1 0 1 0 2 0 0 0 1 0 2 28 0 10
 1 0 1 -1 1 1 0 0 0 0 2 2 -1 0 2 1 0 2 -1 -1 2 0 2 0 50 30 7
 1 1 0 -1 2 1 1 1 1 1 0 2 1 0 2 1 0 2 0 0 0 1 0 0 30 20 6
 1 1 0 -1 2 0 0 1 1 1 2 2 1 2 0 2 0 2 0 0 2 2 2 0 20 18 14
 1 1 0 -1 1 0 0 0 1 0 2 2 0 1 0 0 0 0 0 0 2 0 2 2 65 16 8
 1 1 0 -1 1 1 1 0 0 0 -1 -1 1 -1 -1 -1 -1 -1 1 0 -1 -1 -1 -1 40 10 -12
 1 1 0 -1 0 0 1 0 1 1 2 2 2 2 0 2 0 2 0 0 2 1 2 0 10 0 14
 1 1 0 -1 1 0 1 0 0 1 2 1 2 0 0 2 0 2 1 0 2 0 0 0 48 8 9
 1 1 0 -1 1 0 1 0 1 0 2 1 2 0 0 2 0 2 0 0 0 0 2 2 60 30 10
 1 0 1 -1 2 1 0 0 1 1 2 2 1 0 2 2 0 2 1 0 2 0 0 0 10 20 11
 1 0 1 -1 1 0 0 1 0 1 2 2 1 -1 0 2 0 2 0 0 0 0 2 0 6 4 7
 1 0 1 -1 1 0 1 0 0 0 2 2 2 2 0 2 0 2 0 0 2 2 2 0 14 4 15
 1 0 1 1 2 0 1 0 0 0 2 2 2 1 0 -1 0 -1 0 0 0 1 2 0 20 14 5
 1 0 1 -1 2 1 0 1 0 0 2 2 1 0 2 1 0 0 1 0 2 0 2 0 10 0 10
 1 0 1 -1 1 1 1 1 1 0 2 0 2 1 2 2 0 2 1 0 2 0 2 0 20 10 13
 1 0 1 -1 2 0 0 1 0 0 -1 -1 1 0 -1 -1 -1 -1 1 0 -1 1 2 -1 60 22 -6
 1 0 1 -1 2 1 0 1 1 0 2 1 2 0 2 2 0 2 0 0 0 0 2 0 40 16 10
 1 0 1 -1 0 0 1 0 0 0 2 2 2 1 0 2 0 2 1 0 2 1 2 0 30 10 14
 1 1 0 1 2 0 1 0 0 0 2 2 1 1 2 1 0 2 0 0 2 0 0 0 55 11 10
 1 0 1 -1 2 0 0 0 1 0 0 2 2 0 0 2 0 2 0 0 2 0 2 2 42 0 11
 1 1 0 0 2 1 0 1 1 0 2 1 1 0 0 0 0 0 1 0 2 0 2 0 30 8 6
 1 1 0 -1 1 0 0 1 0 1 2 2 0 2 0 2 0 2 0 0 0 1 2 0 20 18 10
 1 1 0 -1 2 1 1 0 0 0 2 2 1 -1 0 1 0 2 1 0 2 0 2 2 40 10 11
 1 1 0 -1 1 0 0 1 1 0 2 2 -1 0 0 0 0 0 1 0 2 0 2 0 58 12 5
 1 0 1 -1 2 0 0 0 1 0 2 1 1 0 0 -1 0 -1 0 0 2 0 2 0 76 8 3
 1 1 0 0 1 0 1 0 0 0 0 1 2 0 0 1 0 2 0 0 0 0 2 2 22 10 7
 1 1 0 1 2 1 0 1 0 0 2 2 2 1 0 1 0 2 2 0 2 0 2 2 56 18 15
 1 1 0 1 1 1 1 0 1 0 2 2 2 0 2 1 0 2 0 0 0 2 2 0 22 2 12
 1 1 0 -1 2 1 0 0 0 1 2 1 2 0 0 1 0 2 0 0 0 0 2 0 20 -2 7
 1 0 1 -1 2 1 1 0 1 1 2 2 0 0 0 2 0 2 0 0 2 0 2 0 36 18 9
 1 0 1 -1 0 0 0 1 1 1 2 2 2 0 2 2 0 2 1 0 2 0 2 0 40 30 14
 1 0 1 1 0 0 1 0 0 0 0 2 1 0 0 1 0 2 1 2 2 1 2 0 38 24 11
 1 0 1 -1 0 1 0 1 1 0 2 2 1 0 2 2 0 2 1 0 2 0 0 0 8 0 11
 1 1 0 -1 2 0 0 0 1 0 2 2 2 1 2 2 0 2 1 0 2 0 2 2 42 -2 17
 1 0 1 -1 0 1 1 0 0 0 2 2 1 0 0 2 0 2 2 0 2 0 2 0 2 0 12
 1 1 0 -1 1 0 0 1 0 0 2 1 1 0 0 1 0 2 0 0 2 0 2 2 30 10 10
 1 1 0 1 2 1 1 0 0 0 2 2 2 0 0 2 0 2 1 0 2 1 2 0 28 8 13
 1 0 1 -1 1 0 0 1 0 1 -1 -1 1 0 -1 -1 -1 -1 0 0 -1 0 0 -1 30 0 -10
 1 0 1 0 2 1 0 1 1 0 2 2 1 -1 2 1 0 2 2 0 2 0 2 0 48 22 12
 1 1 0 1 2 0 0 0 1 0 2 2 2 1 2 1 0 2 0 0 2 1 2 2 48 -10 16
 1 1 0 1 2 0 1 0 0 0 -1 -1 2 0 -1 -1 -1 -1 1 0 -1 0 2 -1 38 12 -6
 1 1 0 -1 2 0 0 1 1 0 -1 2 -1 0 0 2 0 2 -1 -1 2 1 2 2 20 2 6


