# Created by Octave 4.0.0, Fri Apr 20 22:23:44 2018 MST <gesposito@rabbit>
# name: val
# type: matrix
# rows: 94
# columns: 10
 {
    key: 'male',
    parser: 'nullToFalseBool'
  }, {
    key: 'female',
    parser: 'nullToFalseBool'
  }, {
    key: 'diabetes',
    parser: 'nullTo0Bool'
  }, {
    key: 'bmiObesityRangeValue'
  },
    key: 'diureticIsPrescribed',
    parser: 'nullToFalseBool'
  }, {
    key: 'aceInhibitorIsPrescribed',
    parser: 'nullToFalseBool'
  }, {
    key: 'arbIsPrescribed',
    parser: 'nullToFalseBool'
  }, {
    key: 'betaBlockerIsPrescribed',
    parser: 'nullToFalseBool'
  }, {
    key: 'caBlockerIsPrescribed',
    parser: 'nullToFalseBool'
  }


 1 0 1 -1 2 0 1 0 0 0
 1 0 1 -1 2 0 0 1 0 0
 1 0 1 -1 1 0 1 0 0 0
 1 1 0 1 1 0 1 0 0 0
 1 0 1 -1 2 0 0 1 0 1
 1 0 1 -1 2 0 0 1 0 0
 1 1 0 -1 0 1 1 0 0 0
 1 0 1 -1 1 0 1 0 0 0
 1 1 0 -1 1 1 1 0 0 0
 1 1 0 -1 2 0 1 0 0 0
 1 0 1 -1 2 0 0 0 1 0
 1 0 1 -1 1 1 1 0 0 0
 1 1 0 -1 1 1 1 0 0 0
 1 1 0 -1 2 0 1 0 0 0
 1 1 0 1 1 0 1 0 1 0
 1 1 0 1 1 0 1 0 0 0
 1 1 0 1 0 0 1 0 0 0
 1 0 1 -1 1 1 1 0 0 0
 1 0 1 -1 2 0 1 0 0 0
 1 1 0 -1 1 1 1 0 0 0
 1 1 0 -1 2 0 1 0 0 0
 1 1 0 -1 1 0 1 0 1 0
 1 0 1 1 4 1 0 1 0 0
 1 1 0 -1 2 0 1 0 0 0
 1 0 1 -1 1 0 1 0 0 0
 1 0 1 1 2 0 1 0 0 0
 1 1 0 -1 3 0 1 0 0 0
 1 1 0 1 2 1 1 0 0 0
 1 1 0 -1 1 1 1 0 0 0
 1 0 1 -1 1 1 1 0 0 0
 1 0 1 -1 2 1 1 0 0 0
 1 1 0 -1 1 0 1 0 0 0
 1 0 1 -1 2 1 1 0 0 0
 1 0 1 -1 1 1 1 0 0 0
 1 0 1 -1 2 0 1 0 0 0
 1 0 1 -1 1 0 1 0 1 0
 1 0 1 1 3 1 0 1 1 0
 1 1 0 -1 1 1 0 1 0 0
 1 1 0 1 2 0 1 0 0 0
 1 0 1 1 1 1 1 0 0 0
 1 0 1 1 1 0 1 0 0 0
 1 1 0 0 1 1 0 0 1 1
 1 1 0 1 2 0 1 0 1 0
 1 1 0 -1 2 1 1 0 0 0
 1 1 0 1 1 0 1 0 0 0
 1 0 1 -1 2 1 0 1 0 0
 1 1 0 1 0 0 1 0 0 0
 1 0 1 1 2 0 1 0 0 0
 1 0 1 -1 0 1 1 0 0 0
 1 1 0 0 1 0 0 0 1 0
 1 1 0 1 1 1 0 1 0 1
 1 1 0 -1 2 1 1 0 1 0
 1 0 1 0 2 0 0 0 1 0
 1 0 1 -1 1 1 0 0 0 0
 1 1 0 -1 2 1 1 1 1 1
 1 1 0 -1 2 0 0 1 1 1
 1 1 0 -1 1 0 0 0 1 0
 1 1 0 -1 1 1 1 0 0 0
 1 1 0 -1 0 0 1 0 1 1
 1 1 0 -1 1 0 1 0 0 1
 1 1 0 -1 1 0 1 0 1 0
 1 0 1 -1 2 1 0 0 1 1
 1 0 1 -1 1 0 0 1 0 1
 1 0 1 -1 1 0 1 0 0 0
 1 0 1 1 2 0 1 0 0 0
 1 0 1 -1 2 1 0 1 0 0
 1 0 1 -1 1 1 1 1 1 0
 1 0 1 -1 2 0 0 1 0 0
 1 0 1 -1 2 1 0 1 1 0
 1 0 1 -1 0 0 1 0 0 0
 1 1 0 1 2 0 1 0 0 0
 1 0 1 -1 2 0 0 0 1 0
 1 1 0 0 2 1 0 1 1 0
 1 1 0 -1 1 0 0 1 0 1
 1 1 0 -1 2 1 1 0 0 0
 1 1 0 -1 1 0 0 1 1 0
 1 0 1 -1 2 0 0 0 1 0
 1 1 0 0 1 0 1 0 0 0
 1 1 0 1 2 1 0 1 0 0
 1 1 0 1 1 1 1 0 1 0
 1 1 0 -1 2 1 0 0 0 1
 1 0 1 -1 2 1 1 0 1 1
 1 0 1 -1 0 0 0 1 1 1
 1 0 1 1 0 0 1 0 0 0
 1 0 1 -1 0 1 0 1 1 0
 1 1 0 -1 2 0 0 0 1 0
 1 0 1 -1 0 1 1 0 0 0
 1 1 0 -1 1 0 0 1 0 0
 1 1 0 1 2 1 1 0 0 0
 1 0 1 -1 1 0 0 1 0 1
 1 0 1 0 2 1 0 1 1 0
 1 1 0 1 2 0 0 0 1 0
 1 1 0 1 2 0 1 0 0 0
 1 1 0 -1 2 0 0 1 1 0


