# Created by Octave 4.0.0, Mon Apr 23 21:02:06 2018 MST <gesposito@rabbit>
# name: t1_tmp_1_f
# type: matrix
# rows: 44
# columns: 27
 1 0 1 -1 0 1 1 0 0 0 -1 -1 2 -1 -1 -1 -1 -1 2 0 -1 -1 -1 -1 20 0 -7
 1 0 1 -1 0 0 1 0 0 0 2 2 2 1 0 2 0 2 1 0 2 1 2 0 30 10 17
 1 0 1 -1 0 0 0 1 1 1 2 2 2 0 2 2 0 2 1 0 2 0 2 0 40 30 17
 1 0 1 1 0 0 1 0 0 0 0 2 1 0 0 1 0 2 1 2 2 1 2 0 38 24 14
 1 0 1 -1 0 1 0 1 1 0 2 2 1 0 2 2 0 2 1 0 2 0 0 0 8 0 14
 1 0 1 -1 0 1 1 0 0 0 2 2 1 0 0 2 0 2 2 0 2 0 2 0 2 0 15
 1 0 1 -1 1 0 1 0 0 0 -1 1 -1 0 0 1 0 2 -1 -1 2 1 2 0 32 12 5
 1 0 1 -1 1 0 1 0 0 0 -1 1 2 0 0 2 0 2 1 -1 0 0 2 0 24 18 8
 1 0 1 -1 1 1 1 0 0 0 2 2 2 0 0 1 0 2 1 0 0 2 2 0 40 30 14
 1 0 1 -1 1 1 1 0 0 0 2 1 2 0 0 0 0 0 0 0 2 0 2 2 32 30 11
 1 0 1 -1 1 0 1 0 0 0 2 1 2 0 0 2 0 2 0 0 2 0 2 0 40 20 13
 1 0 1 -1 1 1 1 0 0 0 2 2 2 0 0 2 0 2 0 0 2 1 2 0 60 20 15
 1 0 1 -1 1 1 1 0 0 0 2 2 0 1 0 1 0 2 0 0 0 1 2 0 54 18 11
 1 0 1 -1 1 0 1 0 1 0 2 2 2 1 0 2 0 2 0 0 0 2 0 0 40 10 13
 1 0 1 1 1 1 1 0 0 0 0 2 -1 0 0 2 0 2 -1 -1 2 1 0 0 2 6 6
 1 0 1 1 1 0 1 0 0 0 2 2 2 0 0 0 0 0 1 0 2 0 2 0 40 40 11
 1 0 1 -1 1 1 0 0 0 0 2 2 -1 0 2 1 0 2 -1 -1 2 0 2 0 50 30 10
 1 0 1 -1 1 0 0 1 0 1 2 2 1 -1 0 2 0 2 0 0 0 0 2 0 6 4 10
 1 0 1 -1 1 0 1 0 0 0 2 2 2 2 0 2 0 2 0 0 2 2 2 0 14 4 18
 1 0 1 -1 1 1 1 1 1 0 2 0 2 1 2 2 0 2 1 0 2 0 2 0 20 10 16
 1 0 1 -1 1 0 0 1 0 1 -1 -1 1 0 -1 -1 -1 -1 0 0 -1 0 0 -1 30 0 -7
 1 0 1 -1 2 0 1 0 0 0 -1 2 -1 1 0 2 0 2 -1 -1 2 -1 2 2 60 20 8
 1 0 1 -1 2 0 0 1 0 0 -1 0 -1 0 0 2 0 2 -1 -1 2 2 2 0 62 20 6
 1 0 1 -1 2 0 0 1 0 1 -1 2 -1 0 2 2 0 2 -1 -1 0 1 2 0 22 -2 7
 1 0 1 -1 2 0 0 1 0 0 -1 2 -1 0 0 1 0 0 -1 -1 2 1 2 0 30 15 4
 1 0 1 -1 2 0 0 0 1 0 -1 -1 2 -1 -1 -1 -1 -1 0 0 -1 -1 -1 -1 30 18 -9
 1 0 1 -1 2 0 1 0 0 0 2 2 2 0 2 2 0 2 2 0 2 0 2 0 28 10 18
 1 0 1 1 2 0 1 0 0 0 2 1 1 0 0 2 0 2 1 2 2 0 2 0 50 0 15
 1 0 1 -1 2 1 1 0 0 0 2 2 1 1 0 2 0 2 0 0 2 0 2 2 35 5 16
 1 0 1 -1 2 1 1 0 0 0 2 2 1 0 2 -1 0 -1 0 0 2 2 2 0 40 20 11
 1 0 1 -1 2 0 1 0 0 0 2 2 0 -1 0 2 0 2 0 0 2 -1 2 2 40 0 12
 1 0 1 -1 2 1 0 1 0 0 2 2 0 2 0 0 0 0 2 0 2 1 2 2 4 2 15
 1 0 1 1 2 0 1 0 0 0 2 2 2 1 0 2 0 2 1 0 2 0 2 0 15 15 16
 1 0 1 0 2 0 0 0 1 0 2 2 2 1 0 1 0 2 0 0 0 1 0 2 28 0 13
 1 0 1 -1 2 1 0 0 1 1 2 2 1 0 2 2 0 2 1 0 2 0 0 0 10 20 14
 1 0 1 1 2 0 1 0 0 0 2 2 2 1 0 -1 0 -1 0 0 0 1 2 0 20 14 8
 1 0 1 -1 2 1 0 1 0 0 2 2 1 0 2 1 0 0 1 0 2 0 2 0 10 0 13
 1 0 1 -1 2 0 0 1 0 0 -1 -1 1 0 -1 -1 -1 -1 1 0 -1 1 2 -1 60 22 -3
 1 0 1 -1 2 1 0 1 1 0 2 1 2 0 2 2 0 2 0 0 0 0 2 0 40 16 13
 1 0 1 -1 2 0 0 0 1 0 0 2 2 0 0 2 0 2 0 0 2 0 2 2 42 0 14
 1 0 1 -1 2 0 0 0 1 0 2 1 1 0 0 -1 0 -1 0 0 2 0 2 0 76 8 6
 1 0 1 -1 2 1 1 0 1 1 2 2 0 0 0 2 0 2 0 0 2 0 2 0 36 18 12
 1 0 1 0 2 1 0 1 1 0 2 2 1 -1 2 1 0 2 2 0 2 0 2 0 48 22 15
 1 0 1 1 3 1 0 1 1 0 2 0 2 1 0 2 0 2 1 0 2 0 0 0 14 15 12


