# Created by Octave 4.0.0, Mon Apr 23 21:02:22 2018 MST <gesposito@rabbit>
# name: t1_tmp_1_m
# type: matrix
# rows: 49
# columns: 27
 1 1 0 -1 0 1 1 0 0 0 -1 2 -1 0 0 1 0 2 -1 -1 2 0 2 2 2 10 7
 1 1 0 1 0 0 1 0 0 0 2 2 1 0 0 2 0 2 0 0 0 1 2 0 10 8 12
 1 1 0 1 0 0 1 0 0 0 2 2 2 2 2 1 0 2 0 0 2 1 2 2 18 4 20
 1 1 0 -1 0 0 1 0 1 1 2 2 2 2 0 2 0 2 0 0 2 1 2 0 10 0 17
 1 1 0 1 1 0 1 0 0 0 -1 2 -1 1 2 2 0 2 -1 -1 2 2 2 0 20 2 11
 1 1 0 -1 1 1 1 0 0 0 2 2 1 0 2 1 0 2 1 0 0 0 2 0 6 4 13
 1 1 0 -1 1 1 1 0 0 0 2 2 1 1 0 2 0 2 1 0 2 1 0 0 40 20 14
 1 1 0 1 1 0 1 0 1 0 2 2 2 0 0 2 0 2 0 0 0 1 2 2 2 -8 15
 1 1 0 1 1 0 1 0 0 0 2 2 0 0 0 2 0 2 1 0 2 0 2 0 20 22 13
 1 1 0 -1 1 1 1 0 0 0 -1 -1 1 1 -1 -1 -1 -1 2 0 -1 1 2 -1 30 26 -1
 1 1 0 -1 1 0 1 0 1 0 2 2 1 0 0 1 0 2 1 0 0 1 2 0 18 0 12
 1 1 0 -1 1 1 1 0 0 0 -1 -1 1 -1 -1 -1 -1 -1 1 0 -1 -1 -1 -1 40 20 -9
 1 1 0 -1 1 0 1 0 0 0 2 2 2 1 0 1 0 2 0 0 2 0 2 2 10 0 16
 1 1 0 -1 1 1 0 1 0 0 2 2 1 0 0 1 2 2 0 0 0 0 0 0 14 20 10
 1 1 0 0 1 1 0 0 1 1 -1 -1 -1 -1 -1 -1 -1 -1 -1 -1 -1 -1 -1 -1 40 0 -14
 1 1 0 1 1 0 1 0 0 0 0 2 1 1 0 0 0 0 1 0 2 0 2 2 26 10 11
 1 1 0 0 1 0 0 0 1 0 2 2 2 0 2 2 0 2 2 0 2 0 0 2 0 0 18
 1 1 0 1 1 1 0 1 0 1 2 2 0 0 0 0 0 0 1 0 2 0 2 0 64 12 9
 1 1 0 -1 1 0 0 0 1 0 2 2 0 1 0 0 0 0 0 0 2 0 2 2 65 16 11
 1 1 0 -1 1 1 1 0 0 0 -1 -1 1 -1 -1 -1 -1 -1 1 0 -1 -1 -1 -1 40 10 -9
 1 1 0 -1 1 0 1 0 0 1 2 1 2 0 0 2 0 2 1 0 2 0 0 0 48 8 12
 1 1 0 -1 1 0 1 0 1 0 2 1 2 0 0 2 0 2 0 0 0 0 2 2 60 30 13
 1 1 0 -1 1 0 0 1 0 1 2 2 0 2 0 2 0 2 0 0 0 1 2 0 20 18 13
 1 1 0 -1 1 0 0 1 1 0 2 2 -1 0 0 0 0 0 1 0 2 0 2 0 58 12 8
 1 1 0 0 1 0 1 0 0 0 0 1 2 0 0 1 0 2 0 0 0 0 2 2 22 10 10
 1 1 0 1 1 1 1 0 1 0 2 2 2 0 2 1 0 2 0 0 0 2 2 0 22 2 15
 1 1 0 -1 1 0 0 1 0 0 2 1 1 0 0 1 0 2 0 0 2 0 2 2 30 10 13
 1 1 0 -1 2 0 1 0 0 0 2 2 2 0 0 1 0 2 0 0 0 1 2 0 14 2 12
 1 1 0 -1 2 0 1 0 0 0 0 2 1 1 0 2 0 2 0 0 2 0 2 0 34 18 12
 1 1 0 -1 2 0 1 0 0 0 2 2 2 0 0 1 0 2 0 0 2 1 2 0 24 10 14
 1 1 0 -1 2 0 1 0 0 0 2 2 2 0 0 0 0 0 0 0 0 1 2 0 20 0 9
 1 1 0 1 2 1 1 0 0 0 2 2 2 0 2 1 0 2 0 0 2 1 0 0 22 6 14
 1 1 0 1 2 0 1 0 0 0 2 2 2 0 2 2 0 2 1 0 0 1 2 0 30 30 16
 1 1 0 1 2 0 1 0 1 0 2 2 -1 0 0 2 0 2 -1 -1 2 0 2 0 8 8 9
 1 1 0 -1 2 1 1 0 0 0 2 2 2 0 0 -1 0 -1 1 0 2 0 2 0 52 8 9
 1 1 0 -1 2 1 1 0 1 0 2 2 1 2 0 0 0 0 2 0 2 0 2 2 32 18 15
 1 1 0 -1 2 1 1 1 1 1 0 2 1 0 2 1 0 2 0 0 0 1 0 0 30 20 9
 1 1 0 -1 2 0 0 1 1 1 2 2 1 2 0 2 0 2 0 0 2 2 2 0 20 18 17
 1 1 0 1 2 0 1 0 0 0 2 2 1 1 2 1 0 2 0 0 2 0 0 0 55 11 13
 1 1 0 0 2 1 0 1 1 0 2 1 1 0 0 0 0 0 1 0 2 0 2 0 30 8 9
 1 1 0 -1 2 1 1 0 0 0 2 2 1 -1 0 1 0 2 1 0 2 0 2 2 40 10 14
 1 1 0 1 2 1 0 1 0 0 2 2 2 1 0 1 0 2 2 0 2 0 2 2 56 18 18
 1 1 0 -1 2 1 0 0 0 1 2 1 2 0 0 1 0 2 0 0 0 0 2 0 20 -2 10
 1 1 0 -1 2 0 0 0 1 0 2 2 2 1 2 2 0 2 1 0 2 0 2 2 42 -2 20
 1 1 0 1 2 1 1 0 0 0 2 2 2 0 0 2 0 2 1 0 2 1 2 0 28 8 16
 1 1 0 1 2 0 0 0 1 0 2 2 2 1 2 1 0 2 0 0 2 1 2 2 48 -10 19
 1 1 0 1 2 0 1 0 0 0 -1 -1 2 0 -1 -1 -1 -1 1 0 -1 0 2 -1 38 12 -3
 1 1 0 -1 2 0 0 1 1 0 -1 2 -1 0 0 2 0 2 -1 -1 2 1 2 2 20 2 9
 1 1 0 -1 3 0 1 0 0 0 2 2 2 1 0 1 0 2 0 0 0 1 0 2 30 16 13


