# Created by Octave 4.0.0, Mon Apr 23 21:06:37 2018 MST <gesposito@rabbit>
# name: t1_bmi_g_m
# type: matrix
# rows: 49
# columns: 14
 -1 2 -1 0 0 1 0 2 -1 -1 2 0 2 2
 2 2 1 0 0 2 0 2 0 0 0 1 2 0
 2 2 2 2 2 1 0 2 0 0 2 1 2 2
 2 2 2 2 0 2 0 2 0 0 2 1 2 0
 -1 2 -1 1 2 2 0 2 -1 -1 2 2 2 0
 2 2 1 0 2 1 0 2 1 0 0 0 2 0
 2 2 1 1 0 2 0 2 1 0 2 1 0 0
 2 2 2 0 0 2 0 2 0 0 0 1 2 2
 2 2 0 0 0 2 0 2 1 0 2 0 2 0
 -1 -1 1 1 -1 -1 -1 -1 2 0 -1 1 2 -1
 2 2 1 0 0 1 0 2 1 0 0 1 2 0
 -1 -1 1 -1 -1 -1 -1 -1 1 0 -1 -1 -1 -1
 2 2 2 1 0 1 0 2 0 0 2 0 2 2
 2 2 1 0 0 1 2 2 0 0 0 0 0 0
 -1 -1 -1 -1 -1 -1 -1 -1 -1 -1 -1 -1 -1 -1
 0 2 1 1 0 0 0 0 1 0 2 0 2 2
 2 2 2 0 2 2 0 2 2 0 2 0 0 2
 2 2 0 0 0 0 0 0 1 0 2 0 2 0
 2 2 0 1 0 0 0 0 0 0 2 0 2 2
 -1 -1 1 -1 -1 -1 -1 -1 1 0 -1 -1 -1 -1
 2 1 2 0 0 2 0 2 1 0 2 0 0 0
 2 1 2 0 0 2 0 2 0 0 0 0 2 2
 2 2 0 2 0 2 0 2 0 0 0 1 2 0
 2 2 -1 0 0 0 0 0 1 0 2 0 2 0
 0 1 2 0 0 1 0 2 0 0 0 0 2 2
 2 2 2 0 2 1 0 2 0 0 0 2 2 0
 2 1 1 0 0 1 0 2 0 0 2 0 2 2
 2 2 2 0 0 1 0 2 0 0 0 1 2 0
 0 2 1 1 0 2 0 2 0 0 2 0 2 0
 2 2 2 0 0 1 0 2 0 0 2 1 2 0
 2 2 2 0 0 0 0 0 0 0 0 1 2 0
 2 2 2 0 2 1 0 2 0 0 2 1 0 0
 2 2 2 0 2 2 0 2 1 0 0 1 2 0
 2 2 -1 0 0 2 0 2 -1 -1 2 0 2 0
 2 2 2 0 0 -1 0 -1 1 0 2 0 2 0
 2 2 1 2 0 0 0 0 2 0 2 0 2 2
 0 2 1 0 2 1 0 2 0 0 0 1 0 0
 2 2 1 2 0 2 0 2 0 0 2 2 2 0
 2 2 1 1 2 1 0 2 0 0 2 0 0 0
 2 1 1 0 0 0 0 0 1 0 2 0 2 0
 2 2 1 -1 0 1 0 2 1 0 2 0 2 2
 2 2 2 1 0 1 0 2 2 0 2 0 2 2
 2 1 2 0 0 1 0 2 0 0 0 0 2 0
 2 2 2 1 2 2 0 2 1 0 2 0 2 2
 2 2 2 0 0 2 0 2 1 0 2 1 2 0
 2 2 2 1 2 1 0 2 0 0 2 1 2 2
 -1 -1 2 0 -1 -1 -1 -1 1 0 -1 0 2 -1
 -1 2 -1 0 0 2 0 2 -1 -1 2 1 2 2
 2 2 2 1 0 1 0 2 0 0 0 1 0 2


