# Created by Octave 4.0.0, Fri Apr 27 13:46:21 2018 MST <gesposito@rabbit>
# name: t1_m_gpA
# type: matrix
# rows: 21
# columns: 27
 1 1 0 1 0 0 1 0 0 0 2 2 1 0 0 2 0 2 0 0 0 1 2 0 10 8 12
 1 1 0 -1 0 0 1 0 1 1 2 2 2 2 0 2 0 2 0 0 2 1 2 0 10 0 17
 1 1 0 -1 1 1 1 0 0 0 2 2 1 0 2 1 0 2 1 0 0 0 2 0 6 4 13
 1 1 0 1 1 0 1 0 1 0 2 2 2 0 0 2 0 2 0 0 0 1 2 2 2 -8 15
 1 1 0 1 1 0 1 0 0 0 2 2 0 0 0 2 0 2 1 0 2 0 2 0 20 22 13
 1 1 0 -1 1 0 1 0 1 0 2 2 1 0 0 1 0 2 1 0 0 1 2 0 18 0 12
 1 1 0 1 1 1 0 1 0 1 2 2 0 0 0 0 0 0 1 0 2 0 2 0 64 12 9
 1 1 0 -1 1 0 1 0 1 0 2 1 2 0 0 2 0 2 0 0 0 0 2 2 60 30 13
 1 1 0 -1 1 0 0 1 0 1 2 2 0 2 0 2 0 2 0 0 0 1 2 0 20 18 13
 1 1 0 -1 1 0 0 1 1 0 2 2 -1 0 0 0 0 0 1 0 2 0 2 0 58 12 8
 1 1 0 0 1 0 1 0 0 0 0 1 2 0 0 1 0 2 0 0 0 0 2 2 22 10 10
 1 1 0 1 1 1 1 0 1 0 2 2 2 0 2 1 0 2 0 0 0 2 2 0 22 2 15
 1 1 0 -1 2 0 1 0 0 0 2 2 2 0 0 1 0 2 0 0 0 1 2 0 14 2 12
 1 1 0 -1 2 0 1 0 0 0 2 2 2 0 0 1 0 2 0 0 2 1 2 0 24 10 14
 1 1 0 -1 2 0 1 0 0 0 2 2 2 0 0 0 0 0 0 0 0 1 2 0 20 0 9
 1 1 0 1 2 1 1 0 0 0 2 2 2 0 2 1 0 2 0 0 2 1 0 0 22 6 14
 1 1 0 1 2 0 1 0 0 0 2 2 2 0 2 2 0 2 1 0 0 1 2 0 30 30 16
 1 1 0 -1 2 0 0 1 1 1 2 2 1 2 0 2 0 2 0 0 2 2 2 0 20 18 17
 1 1 0 0 2 1 0 1 1 0 2 1 1 0 0 0 0 0 1 0 2 0 2 0 30 8 9
 1 1 0 -1 2 1 0 0 0 1 2 1 2 0 0 1 0 2 0 0 0 0 2 0 20 -2 10
 1 1 0 1 2 1 1 0 0 0 2 2 2 0 0 2 0 2 1 0 2 1 2 0 28 8 16


