# Created by Octave 4.0.0, Fri Apr 27 13:46:36 2018 MST <gesposito@rabbit>
# name: t1_m_gpC
# type: matrix
# rows: 7
# columns: 27
 1 1 0 -1 1 1 1 0 0 0 2 2 1 1 0 2 0 2 1 0 2 1 0 0 40 20 14
 1 1 0 -1 1 1 0 1 0 0 2 2 1 0 0 1 2 2 0 0 0 0 0 0 14 20 10
 1 1 0 -1 1 0 1 0 0 1 2 1 2 0 0 2 0 2 1 0 2 0 0 0 48 8 12
 1 1 0 -1 2 0 1 0 0 0 0 2 1 1 0 2 0 2 0 0 2 0 2 0 34 18 12
 1 1 0 -1 2 1 1 0 0 0 2 2 2 0 0 -1 0 -1 1 0 2 0 2 0 52 8 9
 1 1 0 -1 2 1 1 1 1 1 0 2 1 0 2 1 0 2 0 0 0 1 0 0 30 20 9
 1 1 0 1 2 0 1 0 0 0 2 2 1 1 2 1 0 2 0 0 2 0 0 0 55 11 13


