# Created by Octave 4.0.0, Fri Apr 27 13:46:46 2018 MST <gesposito@rabbit>
# name: t1_m_gpD
# type: matrix
# rows: 5
# columns: 27
 1 1 0 -1 1 1 1 0 0 0 -1 -1 1 1 -1 -1 -1 -1 2 0 -1 1 2 -1 30 26 -1
 1 1 0 -1 1 1 1 0 0 0 -1 -1 1 -1 -1 -1 -1 -1 1 0 -1 -1 -1 -1 40 20 -9
 1 1 0 0 1 1 0 0 1 1 -1 -1 -1 -1 -1 -1 -1 -1 -1 -1 -1 -1 -1 -1 40 0 -14
 1 1 0 -1 1 1 1 0 0 0 -1 -1 1 -1 -1 -1 -1 -1 1 0 -1 -1 -1 -1 40 10 -9
 1 1 0 1 2 0 1 0 0 0 -1 -1 2 0 -1 -1 -1 -1 1 0 -1 0 2 -1 38 12 -3


