# Created by Octave 4.0.0, Fri Apr 27 13:46:28 2018 MST <gesposito@rabbit>
# name: t1_m_gpB
# type: matrix
# rows: 12
# columns: 27
 1 1 0 1 0 0 1 0 0 0 2 2 2 2 2 1 0 2 0 0 2 1 2 2 18 4 20
 1 1 0 -1 1 0 1 0 0 0 2 2 2 1 0 1 0 2 0 0 2 0 2 2 10 0 16
 1 1 0 1 1 0 1 0 0 0 0 2 1 1 0 0 0 0 1 0 2 0 2 2 26 10 11
 1 1 0 0 1 0 0 0 1 0 2 2 2 0 2 2 0 2 2 0 2 0 0 2 0 0 18
 1 1 0 -1 1 0 0 0 1 0 2 2 0 1 0 0 0 0 0 0 2 0 2 2 65 16 11
 1 1 0 -1 1 0 0 1 0 0 2 1 1 0 0 1 0 2 0 0 2 0 2 2 30 10 13
 1 1 0 -1 2 1 1 0 1 0 2 2 1 2 0 0 0 0 2 0 2 0 2 2 32 18 15
 1 1 0 -1 2 1 1 0 0 0 2 2 1 -1 0 1 0 2 1 0 2 0 2 2 40 10 14
 1 1 0 1 2 1 0 1 0 0 2 2 2 1 0 1 0 2 2 0 2 0 2 2 56 18 18
 1 1 0 -1 2 0 0 0 1 0 2 2 2 1 2 2 0 2 1 0 2 0 2 2 42 -2 20
 1 1 0 1 2 0 0 0 1 0 2 2 2 1 2 1 0 2 0 0 2 1 2 2 48 -10 19
 1 1 0 -1 3 0 1 0 0 0 2 2 2 1 0 1 0 2 0 0 0 1 0 2 30 16 13


