# Created by Octave 4.0.0, Fri Apr 27 15:46:29 2018 MST <gesposito@rabbit>
# name: t2_jM_main
# type: matrix
# rows: 94
# columns: 26
 1 0 1 180 100 -1 2 0 1 0 0 0 -1 2 -1 0 0 2 0 2 -1 -1 2 1 2 2
 1 0 1 182 100 -1 2 0 0 1 0 0 -1 -1 2 0 -1 -1 -1 -1 1 0 -1 0 2 -1
 1 0 1 152 92 -1 1 0 1 0 0 0 2 2 2 1 2 1 0 2 0 0 2 1 2 2
 1 1 0 140 82 1 1 0 1 0 0 0 2 2 1 -1 2 1 0 2 2 0 2 0 2 0
 1 0 1 142 78 -1 2 0 0 1 0 1 -1 -1 1 0 -1 -1 -1 -1 0 0 -1 0 0 -1
 1 0 1 150 95 -1 2 0 0 1 0 0 2 2 2 0 0 2 0 2 1 0 2 1 2 0
 1 1 0 122 90 -1 0 1 1 0 0 0 2 1 1 0 0 1 0 2 0 0 2 0 2 2
 1 0 1 144 98 -1 1 0 1 0 0 0 2 2 1 0 0 2 0 2 2 0 2 0 2 0
 1 1 0 126 84 -1 1 1 1 0 0 0 2 2 2 1 2 2 0 2 1 0 2 0 2 2
 1 1 0 134 82 -1 2 0 1 0 0 0 2 2 1 0 2 2 0 2 1 0 2 0 0 0
 1 0 1 150 98 -1 2 0 0 0 1 0 0 2 1 0 0 1 0 2 1 2 2 1 2 0
 1 0 1 160 110 -1 1 1 1 0 0 0 2 2 2 0 2 2 0 2 1 0 2 0 2 0
 1 1 0 160 100 -1 1 1 1 0 0 0 2 2 0 0 0 2 0 2 0 0 2 0 2 0
 1 1 0 154 98 -1 2 0 1 0 0 0 2 1 2 0 0 1 0 2 0 0 0 0 2 0
 1 1 0 122 72 1 1 0 1 0 1 0 2 2 2 0 2 1 0 2 0 0 0 2 2 0
 1 1 0 140 102 1 1 0 1 0 0 0 2 2 2 1 0 1 0 2 2 0 2 0 2 2
 1 1 0 130 88 1 0 0 1 0 0 0 0 1 2 0 0 1 0 2 0 0 0 0 2 2
 1 0 1 152 110 -1 1 1 1 0 0 0 2 1 1 0 0 -1 0 -1 0 0 2 0 2 0
 1 0 1 148 90 -1 2 0 1 0 0 0 2 2 -1 0 0 0 0 0 1 0 2 0 2 0
 1 1 0 150 106 -1 1 1 1 0 0 0 2 2 1 -1 0 1 0 2 1 0 2 0 2 2
 1 1 0 144 90 -1 2 0 1 0 0 0 2 2 0 2 0 2 0 2 0 0 0 1 2 0
 1 1 0 138 80 -1 1 0 1 0 1 0 2 1 1 0 0 0 0 0 1 0 2 0 2 0
 1 0 1 140 90 1 4 1 0 1 0 0 0 2 2 0 0 2 0 2 0 0 2 0 2 2
 1 1 0 140 80 -1 2 0 1 0 0 0 2 2 1 1 2 1 0 2 0 0 2 0 0 0
 1 0 1 160 100 -1 1 0 1 0 0 0 2 2 2 1 0 2 0 2 1 0 2 1 2 0
 1 0 1 170 80 1 2 0 1 0 0 0 2 1 2 0 2 2 0 2 0 0 0 0 2 0
 1 1 0 150 96 -1 3 0 1 0 0 0 -1 -1 1 0 -1 -1 -1 -1 1 0 -1 1 2 -1
 1 1 0 142 86 1 2 1 1 0 0 0 2 0 2 1 2 2 0 2 1 0 2 0 2 0
 1 1 0 160 100 -1 1 1 1 0 0 0 2 2 1 0 2 1 0 0 1 0 2 0 2 0
 1 0 1 180 100 -1 1 1 1 0 0 0 2 2 2 1 0 -1 0 -1 0 0 0 1 2 0
 1 1 0 155 85 -1 1 0 1 0 0 0 2 2 2 2 0 2 0 2 0 0 2 2 2 0
 1 0 1 130 80 -1 2 1 1 0 0 0 2 2 1 -1 0 2 0 2 0 0 0 0 2 0
 1 0 1 160 100 -1 1 1 1 0 0 0 2 2 1 0 2 2 0 2 1 0 2 0 0 0
 1 0 1 174 98 -1 2 0 1 0 0 0 2 1 2 0 0 2 0 2 0 0 0 0 2 2
 1 0 1 160 80 -1 1 0 1 0 1 0 2 1 2 0 0 2 0 2 1 0 2 0 0 0
 1 0 1 160 90 1 3 1 0 1 1 0 2 2 2 2 0 2 0 2 0 0 2 1 2 0
 1 1 0 134 95 -1 1 1 0 1 0 0 -1 -1 1 -1 -1 -1 -1 -1 1 0 -1 -1 -1 -1
 1 1 0 134 100 1 2 0 1 0 0 0 2 2 0 1 0 0 0 0 0 0 2 0 2 2
 1 0 1 150 110 1 1 1 1 0 0 0 2 2 1 2 0 2 0 2 0 0 2 2 2 0
 1 0 1 122 86 1 1 0 1 0 0 0 0 2 1 0 2 1 0 2 0 0 0 1 0 0
 1 1 0 160 120 0 1 1 0 0 1 1 2 2 -1 0 2 1 0 2 -1 -1 2 0 2 0
 1 1 0 160 80 1 2 0 1 0 1 0 2 2 2 1 0 1 0 2 0 0 0 1 0 2
 1 1 0 128 88 -1 2 1 1 0 0 0 2 2 1 2 0 0 0 0 2 0 2 0 2 2
 1 1 0 172 88 1 1 0 1 0 0 0 2 2 0 0 0 0 0 0 1 0 2 0 2 0
 1 0 1 146 90 -1 2 1 0 1 0 0 2 2 2 0 2 2 0 2 2 0 2 0 0 2
 1 1 0 124 82 1 0 0 1 0 0 0 -1 -1 2 -1 -1 -1 -1 -1 2 0 -1 -1 -1 -1
 1 0 1 138 84 1 2 0 1 0 0 0 2 2 2 1 0 2 0 2 1 0 2 0 2 0
 1 0 1 135 95 -1 0 1 1 0 0 0 2 2 2 2 2 1 0 2 0 0 2 1 2 2
 1 1 0 140 80 0 1 0 0 0 1 0 2 2 0 2 0 0 0 0 2 0 2 1 2 2
 1 1 0 120 80 1 1 1 0 1 0 1 0 2 1 1 0 0 0 0 1 0 2 0 2 2
 1 1 0 184 92 -1 2 1 1 0 1 0 2 2 2 0 0 -1 0 -1 1 0 2 0 2 0
 1 0 1 152 98 0 2 0 0 0 1 0 2 2 -1 0 0 2 0 2 -1 -1 2 0 2 0
 1 0 1 148 80 -1 1 1 0 0 0 0 -1 -1 -1 -1 -1 -1 -1 -1 -1 -1 -1 -1 -1 -1
 1 1 0 170 110 -1 2 1 1 1 1 1 2 2 2 0 0 0 0 0 1 0 2 0 2 0
 1 1 0 150 100 -1 2 0 0 1 1 1 0 2 -1 0 0 2 0 2 -1 -1 2 1 0 0
 1 1 0 140 98 -1 1 0 0 0 1 0 2 2 2 0 2 2 0 2 1 0 0 1 2 0
 1 1 0 185 96 -1 1 1 1 0 0 0 2 2 1 0 0 1 2 2 0 0 0 0 0 0
 1 1 0 160 90 -1 0 0 1 0 1 1 2 0 2 1 0 2 0 2 1 0 2 0 0 0
 1 0 1 130 80 -1 2 1 1 0 0 0 2 2 2 1 0 2 0 2 0 0 0 2 0 0
 1 0 1 168 88 -1 1 0 0 1 0 1 2 2 0 -1 0 2 0 2 0 0 2 -1 2 2
 1 0 1 180 110 -1 1 0 1 0 0 0 2 2 0 1 0 1 0 2 0 0 0 1 2 0
 1 0 1 130 100 1 2 0 1 0 0 0 2 2 1 0 2 -1 0 -1 0 0 2 2 2 0
 1 0 1 126 84 -1 2 1 0 1 0 0 2 2 2 1 0 1 0 2 0 0 2 0 2 2
 1 0 1 134 84 -1 1 1 1 1 1 0 2 2 1 1 0 2 0 2 0 0 2 0 2 2
 1 0 1 140 94 -1 2 0 0 1 0 0 2 2 2 0 0 2 0 2 0 0 2 1 2 0
 1 0 1 130 80 -1 2 1 0 1 1 0 -1 -1 1 -1 -1 -1 -1 -1 1 0 -1 -1 -1 -1
 1 0 1 140 90 -1 0 0 1 0 0 0 2 2 2 0 2 1 0 2 0 0 2 1 0 0
 1 1 0 180 102 1 2 0 1 0 0 0 2 2 2 1 0 1 0 2 0 0 0 1 0 2
 1 0 1 160 96 -1 2 0 0 0 1 0 2 1 1 0 0 2 0 2 1 2 2 0 2 0
 1 1 0 150 90 0 2 1 0 1 1 0 2 1 2 0 0 2 0 2 0 0 2 0 2 0
 1 1 0 175 91 -1 1 0 0 1 0 1 2 2 2 0 0 0 0 0 0 0 0 1 2 0
 1 1 0 162 80 -1 2 1 1 0 0 0 2 2 2 0 0 1 0 2 2 0 0 0 2 0
 1 1 0 150 88 -1 1 0 0 1 1 0 2 2 1 0 0 1 0 2 1 0 0 1 2 0
 1 0 1 140 98 -1 2 0 0 0 1 0 2 2 2 0 0 1 0 2 0 0 2 1 2 0
 1 1 0 160 90 0 1 0 1 0 0 0 -1 -1 1 1 -1 -1 -1 -1 2 0 -1 1 2 -1
 1 1 0 178 92 1 2 1 0 1 0 0 2 2 2 0 2 2 0 2 2 0 2 0 2 0
 1 1 0 196 88 1 1 1 1 0 1 0 2 1 2 0 0 0 0 0 0 0 2 0 2 2
 1 1 0 142 90 -1 2 1 0 0 0 1 2 2 1 0 0 2 0 2 0 0 0 1 2 0
 1 0 1 176 98 -1 2 1 1 0 1 1 2 2 0 0 0 2 0 2 1 0 2 0 2 0
 1 0 1 142 82 -1 0 0 0 1 1 1 2 2 2 0 0 2 0 2 0 0 0 1 2 2
 1 0 1 140 78 1 0 0 1 0 0 0 0 2 1 1 0 2 0 2 0 0 2 0 2 0
 1 0 1 156 98 -1 0 1 0 1 1 0 2 2 1 1 0 2 0 2 1 0 2 1 0 0
 1 1 0 160 110 -1 2 0 0 0 1 0 2 2 2 0 0 1 0 2 1 0 0 2 2 0
 1 0 1 158 104 -1 0 1 1 0 0 0 -1 -1 2 -1 -1 -1 -1 -1 0 0 -1 -1 -1 -1
 1 1 0 128 80 -1 1 0 0 1 0 0 2 2 2 0 0 1 0 2 0 0 0 1 2 0
 1 1 0 162 78 1 2 1 1 0 0 0 2 2 1 0 2 1 0 2 1 0 0 0 2 0
 1 0 1 122 80 -1 1 0 0 1 0 1 -1 1 2 0 0 2 0 2 1 -1 0 0 2 0
 1 1 0 150 90 -1 1 0 1 0 0 1 -1 2 -1 0 0 1 0 2 -1 -1 2 0 2 2
 1 1 0 148 88 -1 1 0 1 0 1 0 -1 2 -1 0 0 1 0 0 -1 -1 2 1 2 0
 1 0 1 150 80 -1 2 1 0 0 1 1 -1 2 -1 0 2 2 0 2 -1 -1 0 1 2 0
 1 1 0 168 102 -1 2 0 0 1 1 0 -1 2 -1 1 2 2 0 2 -1 -1 2 2 2 0
 1 0 1 168 70 0 2 1 0 1 1 0 -1 1 -1 0 0 1 0 2 -1 -1 2 1 2 0
 1 1 0 158 92 1 2 0 0 0 1 0 -1 0 -1 0 0 2 0 2 -1 -1 2 2 2 0
 1 1 0 140 82 1 2 0 1 0 0 0 -1 2 -1 1 0 2 0 2 -1 -1 2 -1 2 2


