# Created by Octave 4.0.0, Fri Apr 27 15:47:32 2018 MST <gesposito@rabbit>
# name: t2_jM
# type: matrix
# rows: 94
# columns: 18
 1 -1 -1 2 -1 0 0 2 0 2 -1 -1 2 -1 1 -1 2 2
 1 -1 -1 -1 2 0 -1 -1 -1 -1 1 0 -1 -1 0 -1 2 -1
 1 2 -1 2 2 1 2 1 0 2 0 0 2 -1 1 -1 2 2
 1 2 -1 2 1 -1 2 1 0 2 2 0 2 -1 0 -1 2 0
 1 -1 -1 -1 1 0 -1 -1 -1 -1 0 0 -1 -1 0 -1 0 -1
 1 2 -1 2 2 0 0 2 0 2 1 0 2 -1 1 -1 2 0
 1 2 -1 1 1 0 0 1 0 2 0 0 2 -1 0 -1 2 2
 1 2 -1 2 1 0 0 2 0 2 2 0 2 -1 0 -1 2 0
 1 2 -1 2 2 1 2 2 0 2 1 0 2 -1 0 -1 2 2
 1 2 -1 2 1 0 2 2 0 2 1 0 2 -1 0 -1 0 0
 1 0 -1 2 1 0 0 1 0 2 1 2 2 -1 1 -1 2 0
 1 2 -1 2 2 0 2 2 0 2 1 0 2 -1 0 -1 2 0
 1 2 -1 2 0 0 0 2 0 2 0 0 2 -1 0 -1 2 0
 1 2 -1 1 2 0 0 1 0 2 0 0 0 -1 0 -1 2 0
 1 2 -1 2 2 0 2 1 0 2 0 0 0 -1 2 -1 2 0
 1 2 -1 2 2 1 0 1 0 2 2 0 2 -1 0 -1 2 2
 1 0 -1 1 2 0 0 1 0 2 0 0 0 -1 0 -1 2 2
 1 2 -1 1 1 0 0 -1 0 -1 0 0 2 -1 0 -1 2 0
 1 2 -1 2 -1 0 0 0 0 0 1 0 2 -1 0 -1 2 0
 1 2 -1 2 1 -1 0 1 0 2 1 0 2 -1 0 -1 2 2
 1 2 -1 2 0 2 0 2 0 2 0 0 0 -1 1 -1 2 0
 1 2 -1 1 1 0 0 0 0 0 1 0 2 -1 0 -1 2 0
 1 0 -1 2 2 0 0 2 0 2 0 0 2 -1 0 -1 2 2
 1 2 -1 2 1 1 2 1 0 2 0 0 2 -1 0 -1 0 0
 1 2 -1 2 2 1 0 2 0 2 1 0 2 -1 1 -1 2 0
 1 2 -1 1 2 0 2 2 0 2 0 0 0 -1 0 -1 2 0
 1 -1 -1 -1 1 0 -1 -1 -1 -1 1 0 -1 -1 1 -1 2 -1
 1 2 -1 0 2 1 2 2 0 2 1 0 2 -1 0 -1 2 0
 1 2 -1 2 1 0 2 1 0 0 1 0 2 -1 0 -1 2 0
 1 2 -1 2 2 1 0 -1 0 -1 0 0 0 -1 1 -1 2 0
 1 2 -1 2 2 2 0 2 0 2 0 0 2 -1 2 -1 2 0
 1 2 -1 2 1 -1 0 2 0 2 0 0 0 -1 0 -1 2 0
 1 2 -1 2 1 0 2 2 0 2 1 0 2 -1 0 -1 0 0
 1 2 -1 1 2 0 0 2 0 2 0 0 0 -1 0 -1 2 2
 1 2 -1 1 2 0 0 2 0 2 1 0 2 -1 0 -1 0 0
 1 2 -1 2 2 2 0 2 0 2 0 0 2 -1 1 -1 2 0
 1 -1 -1 -1 1 -1 -1 -1 -1 -1 1 0 -1 -1 -1 -1 -1 -1
 1 2 -1 2 0 1 0 0 0 0 0 0 2 -1 0 -1 2 2
 1 2 -1 2 1 2 0 2 0 2 0 0 2 -1 2 -1 2 0
 1 0 -1 2 1 0 2 1 0 2 0 0 0 -1 1 -1 0 0
 1 2 -1 2 -1 0 2 1 0 2 -1 -1 2 -1 0 -1 2 0
 1 2 -1 2 2 1 0 1 0 2 0 0 0 -1 1 -1 0 2
 1 2 -1 2 1 2 0 0 0 0 2 0 2 -1 0 -1 2 2
 1 2 -1 2 0 0 0 0 0 0 1 0 2 -1 0 -1 2 0
 1 2 -1 2 2 0 2 2 0 2 2 0 2 -1 0 -1 0 2
 1 -1 -1 -1 2 -1 -1 -1 -1 -1 2 0 -1 -1 -1 -1 -1 -1
 1 2 -1 2 2 1 0 2 0 2 1 0 2 -1 0 -1 2 0
 1 2 -1 2 2 2 2 1 0 2 0 0 2 -1 1 -1 2 2
 1 2 -1 2 0 2 0 0 0 0 2 0 2 -1 1 -1 2 2
 1 0 -1 2 1 1 0 0 0 0 1 0 2 -1 0 -1 2 2
 1 2 -1 2 2 0 0 -1 0 -1 1 0 2 -1 0 -1 2 0
 1 2 -1 2 -1 0 0 2 0 2 -1 -1 2 -1 0 -1 2 0
 1 -1 -1 -1 -1 -1 -1 -1 -1 -1 -1 -1 -1 -1 -1 -1 -1 -1
 1 2 -1 2 2 0 0 0 0 0 1 0 2 -1 0 -1 2 0
 1 0 -1 2 -1 0 0 2 0 2 -1 -1 2 -1 1 -1 0 0
 1 2 -1 2 2 0 2 2 0 2 1 0 0 -1 1 -1 2 0
 1 2 -1 2 1 0 0 1 2 2 0 0 0 -1 0 -1 0 0
 1 2 -1 0 2 1 0 2 0 2 1 0 2 -1 0 -1 0 0
 1 2 -1 2 2 1 0 2 0 2 0 0 0 -1 2 -1 0 0
 1 2 -1 2 0 -1 0 2 0 2 0 0 2 -1 -1 -1 2 2
 1 2 -1 2 0 1 0 1 0 2 0 0 0 -1 1 -1 2 0
 1 2 -1 2 1 0 2 -1 0 -1 0 0 2 -1 2 -1 2 0
 1 2 -1 2 2 1 0 1 0 2 0 0 2 -1 0 -1 2 2
 1 2 -1 2 1 1 0 2 0 2 0 0 2 -1 0 -1 2 2
 1 2 -1 2 2 0 0 2 0 2 0 0 2 -1 1 -1 2 0
 1 -1 -1 -1 1 -1 -1 -1 -1 -1 1 0 -1 -1 -1 -1 -1 -1
 1 2 -1 2 2 0 2 1 0 2 0 0 2 -1 1 -1 0 0
 1 2 -1 2 2 1 0 1 0 2 0 0 0 -1 1 -1 0 2
 1 2 -1 1 1 0 0 2 0 2 1 2 2 -1 0 -1 2 0
 1 2 -1 1 2 0 0 2 0 2 0 0 2 -1 0 -1 2 0
 1 2 -1 2 2 0 0 0 0 0 0 0 0 -1 1 -1 2 0
 1 2 -1 2 2 0 0 1 0 2 2 0 0 -1 0 -1 2 0
 1 2 -1 2 1 0 0 1 0 2 1 0 0 -1 1 -1 2 0
 1 2 -1 2 2 0 0 1 0 2 0 0 2 -1 1 -1 2 0
 1 -1 -1 -1 1 1 -1 -1 -1 -1 2 0 -1 -1 1 -1 2 -1
 1 2 -1 2 2 0 2 2 0 2 2 0 2 -1 0 -1 2 0
 1 2 -1 1 2 0 0 0 0 0 0 0 2 -1 0 -1 2 2
 1 2 -1 2 1 0 0 2 0 2 0 0 0 -1 1 -1 2 0
 1 2 -1 2 0 0 0 2 0 2 1 0 2 -1 0 -1 2 0
 1 2 -1 2 2 0 0 2 0 2 0 0 0 -1 1 -1 2 2
 1 0 -1 2 1 1 0 2 0 2 0 0 2 -1 0 -1 2 0
 1 2 -1 2 1 1 0 2 0 2 1 0 2 -1 1 -1 0 0
 1 2 -1 2 2 0 0 1 0 2 1 0 0 -1 2 -1 2 0
 1 -1 -1 -1 2 -1 -1 -1 -1 -1 0 0 -1 -1 -1 -1 -1 -1
 1 2 -1 2 2 0 0 1 0 2 0 0 0 -1 1 -1 2 0
 1 2 -1 2 1 0 2 1 0 2 1 0 0 -1 0 -1 2 0
 1 -1 -1 1 2 0 0 2 0 2 1 -1 0 -1 0 -1 2 0
 1 -1 -1 2 -1 0 0 1 0 2 -1 -1 2 -1 0 -1 2 2
 1 -1 -1 2 -1 0 0 1 0 0 -1 -1 2 -1 1 -1 2 0
 1 -1 -1 2 -1 0 2 2 0 2 -1 -1 0 -1 1 -1 2 0
 1 -1 -1 2 -1 1 2 2 0 2 -1 -1 2 -1 2 -1 2 0
 1 -1 -1 1 -1 0 0 1 0 2 -1 -1 2 -1 1 -1 2 0
 1 -1 -1 0 -1 0 0 2 0 2 -1 -1 2 -1 2 -1 2 0
 1 -1 -1 2 -1 1 0 2 0 2 -1 -1 2 -1 -1 -1 2 2


