# Created by Octave 4.0.0, Wed Jan 10 10:15:26 2018 MST <gesposito@rabbit>
# name: v
# type: matrix
# rows: 2
# columns: 1
 1200
 2300


